 0.00000 92.34190  5.86904 90.62971
 4.55505 237.97193  4.73143 238.02816
 4.55505 237.97193  5.62488 253.76520
 5.62488 253.76520  9.19098 270.83240
 5.86904 90.62971 10.63822 90.38555
 9.19098 270.83240 10.46492 297.06979
10.46492 297.06979 12.24797 326.36417
10.63822 90.38555 14.55091 88.91829
12.24797 326.36417 15.05001 341.39338
12.59456 113.49510 18.34114 112.15030
12.71010 471.43656 18.85410 469.95312
14.55091 88.91829 21.12855 87.82921
15.05001 341.39338 15.55912 355.40360
15.55912 355.40360 20.67643 377.98786
18.23947 860.92065 18.85102 859.82079
18.34114 112.15030 21.88721 110.68304
18.85102 859.82079 24.72007 857.37535
18.85256 440.00484 19.46026 458.85355
18.85256 440.00484 20.67643 429.26341
18.85410 469.95312 26.69336 469.74132
19.46026 458.85355 21.28413 470.20267
20.19582 907.99545 23.49696 903.96029
20.42842 430.72297 27.11698 436.37327
20.55243 889.56882 25.87693 887.65175
20.67643 377.98786 23.10800 389.94545
20.67643 429.26341 23.10800 414.26578
20.78657 94.42071 21.27566 85.00560
20.78657 94.42071 21.88721 104.44661
21.27566 85.00560 23.23201 76.93528
21.88721 104.44661 26.28899 116.55208
21.88721 110.68304 23.86821 109.89588
23.10800 389.94545 23.71647 404.94309
23.10800 414.26578 23.71647 404.94309
23.23201 69.59898 23.23201 76.93528
23.49696 903.96029 27.65459 900.90408
23.93830 712.44699 30.29488 715.54403
24.72007 857.37535 32.54545 854.31837
24.90800 469.78984 27.85792 460.94931
24.94343 68.98820 26.65562 70.33299
25.87693 887.65175 27.93571 883.46332
26.28899 116.55208 31.30156 127.55615
26.65562 70.33299 32.03557 73.02259
26.69336 469.74132 34.95546 468.68227
27.11698 436.37327 29.44688 440.92833
27.65459 900.90408 31.44482 898.33618
27.85792 460.94931 29.97679 456.39425
27.93571 883.46332 29.28513 880.48105
29.28513 880.48105 31.69899 878.20891
29.44688 440.92833 30.50669 448.76758
29.97679 456.39425 30.08308 456.60606
30.08308 456.60606 30.50669 448.76758
30.08308 456.60606 31.35393 459.04225
30.29488 715.54403 35.18421 716.68472
30.50669 448.76758 32.83737 452.26282
31.30156 127.55615 33.99192 131.22469
31.35393 459.04225 32.01092 469.05967
31.44482 898.33618 36.60911 896.63709
31.69899 878.20891 34.46791 875.36913
32.03557 73.02259 33.86945 76.93528
32.23891 128.83394 36.07073 130.36821
32.46381 383.68360 33.76779 391.50899
32.46381 383.68360 34.09359 373.57529
32.54545 854.31837 38.27586 853.17152
32.83737 452.26282 33.68460 457.34778
33.42119 468.87867 35.42144 476.23115
33.68460 457.34778 34.21374 460.31388
33.76779 391.50899 36.21322 404.55105
33.86945 76.93528 37.29306 81.82615
33.99192 131.22469 37.90461 137.90015
34.09359 373.57529 36.37651 359.16379
34.21374 460.31388 38.34518 462.11464
34.46791 875.36913 35.95905 873.16785
34.95546 468.68227 39.93413 468.15236
35.18421 716.68472 41.19035 716.84569
35.42144 476.23115 36.07304 485.84960
35.79807 481.78749 42.26865 483.73074
35.85122 928.11117 36.86944 885.82557
35.85122 928.11117 36.86944 927.60206
35.95212 923.92043 44.05941 925.14430
35.95905 873.16785 37.84762 863.81743
36.07073 130.36821 37.75904 130.98284
36.07304 485.84960 36.48049 492.20773
36.21322 404.55105 37.19139 416.61493
36.37651 359.16379 36.86559 353.94712
36.48049 492.20773 37.05121 501.66367
36.74159 891.14468 41.63862 893.72182
36.80706 504.76147 37.05121 501.66367
36.80706 504.76147 37.21450 508.83668
36.86559 353.94712 39.14774 341.06758
36.86944 885.82557 37.88844 862.89934
37.19139 416.61493 38.00628 432.59228
37.21450 508.83668 37.29614 512.91266
37.29306 81.82615 41.45069 84.14989
37.29614 512.91266 37.94775 515.19481
37.53799 113.81320 37.65968 126.28453
37.53799 113.81320 38.27124 104.15316
37.62194 518.53755 37.94775 515.19481
37.62194 518.53755 37.94775 520.33061
37.65968 126.28453 37.90461 137.90015
37.84762 863.81743 37.85224 863.72424
37.88844 862.89934 40.63965 793.81563
37.90461 137.90015 40.22758 158.00200
37.94775 520.33061 38.84505 531.00887
38.00628 432.59228 40.61500 451.34087
38.27124 104.15316 39.98342 93.75987
38.27586 853.17152 45.91408 857.41540
38.34518 462.11464 42.45274 465.05532
38.49614 199.66835 38.75108 199.92252
38.75108 199.92252 42.01679 182.79678
38.76340 537.36700 38.84505 531.00887
38.76340 537.36700 39.25249 542.17623
39.14774 341.06758 40.77829 333.07891
39.25249 542.17623 39.65993 548.61600
39.58522 543.15363 45.32564 544.30202
39.59832 819.96214 48.20008 823.69075
39.65993 548.61600 40.06738 556.03394
39.87097 154.91267 42.83168 154.29495
39.93413 468.15236 42.73463 467.15416
39.98342 93.75987 41.45069 84.14989
40.06738 556.03394 41.20884 557.90865
40.22758 158.00200 40.59421 165.82739
40.33387 748.88126 40.63965 774.55793
40.33387 748.88126 41.19035 716.84569
40.59421 165.82739 41.69484 176.09821
40.61500 451.34087 42.73463 467.15416
40.63965 774.55793 40.63965 793.81563
40.77829 333.07891 43.54952 321.50411
41.06789 700.09427 41.31205 708.53121
41.06789 700.09427 42.67764 690.59829
41.19035 716.84569 41.31205 708.53121
41.20884 557.90865 41.94208 561.90299
41.63862 893.72182 48.67377 898.43323
41.69484 176.09821 42.42886 191.38237
41.83733 179.06816 50.16798 179.23838
41.94208 561.90299 42.94105 566.37948
42.26865 483.73074 46.09971 482.75257
42.42886 191.38237 43.65119 207.76639
42.67764 690.59829 43.08508 679.59345
42.73463 467.15416 51.37491 469.84761
42.83168 154.29495 54.24396 154.45824
42.94105 566.37948 54.24550 565.23109
42.98341 664.41173 43.08508 652.79534
42.98341 664.41173 43.08508 679.59345
43.03040 671.39143 49.14899 677.19731
43.08123 345.37540 45.22166 351.79437
43.08123 345.37540 50.41753 325.50615
43.08508 652.79534 45.65991 637.23699
43.54952 321.50411 44.36441 312.86306
43.65119 207.76639 43.89612 241.29387
43.89612 241.29387 44.38521 249.73004
44.05941 925.14430 46.13822 925.14430
44.36441 312.86306 44.44605 299.08776
44.38521 249.73004 44.65016 276.26319
44.44605 299.08776 45.05760 285.43338
44.65016 276.26319 45.05760 285.43338
45.22166 351.79437 53.16874 360.04800
45.32564 544.30202 52.74358 545.36107
45.65991 637.23699 46.71742 634.02827
45.91408 857.41540 51.45655 864.26262
46.04194 773.71532 46.24913 782.62132
46.04194 773.71532 47.49226 763.98057
46.09971 482.75257 51.47966 481.04038
46.13822 925.14430 50.05091 925.38846
46.24913 782.62132 47.95593 788.98253
46.71742 634.02827 47.43449 631.67295
47.28507 800.01895 47.95593 788.98253
47.43449 629.59106 47.43449 631.67295
47.43449 629.59106 48.28789 627.50840
47.49226 763.98057 50.18493 755.69536
47.95593 788.98253 51.54205 792.48701
48.20008 823.69075 59.44908 829.55979
48.28789 627.50840 49.83063 625.16232
48.67377 898.43323 56.48298 904.04810
49.02113 154.38353 49.67890 142.39358
49.02113 154.38353 50.65707 169.61993
49.14899 677.19731 49.97774 689.41678
49.14899 677.19731 56.08478 670.43328
49.14899 783.44930 49.35618 779.09990
49.14899 783.44930 51.22010 787.38510
49.35618 779.09990 51.01291 768.74435
49.56336 722.55607 51.22010 733.74114
49.56336 722.55607 52.67041 705.36563
49.83063 625.16232 51.13460 621.08634
49.97774 689.41678 52.67041 705.36563
50.05091 925.38846 61.54407 927.22311
50.16798 179.23838 50.33127 178.91258
50.18493 755.69536 51.01291 768.74435
50.18493 755.69536 51.22010 733.74114
50.33127 185.92231 50.65707 169.61993
50.33127 185.92231 52.61342 202.71455
50.41753 325.50615 53.16874 305.63690
50.48993 177.98370 53.62394 174.86510
51.13460 621.08634 53.58004 612.12026
51.13460 621.08634 58.67501 628.85088
51.22010 787.38510 51.54205 792.48701
51.37491 469.84761 58.12200 472.52564
51.45655 864.26262 54.22856 873.55527
51.47966 481.04038 54.18774 482.11637
51.54205 792.48701 58.30839 797.86697
52.61342 202.71455 55.87451 222.11473
52.74358 545.36107 59.01391 546.06813
53.16874 305.63690 57.44883 286.37920
53.16874 360.04800 57.14306 371.96939
53.58004 612.12026 55.37387 599.24072
53.62394 174.86510 55.51944 171.93058
53.78029 500.45674 54.18774 482.11637
53.78029 500.45674 55.81828 524.50363
53.91739 454.91082 54.76463 449.40301
53.91739 454.91082 55.82368 460.41940
54.18466 212.06265 58.95152 220.35248
54.18774 482.11637 60.70915 466.22066
54.22856 873.55527 56.02162 882.03303
54.24396 154.45824 64.67807 153.48006
54.24550 565.23109 55.12817 560.90402
54.24550 565.23109 58.92533 565.93815
54.76463 449.40301 56.24729 444.63614
55.12817 560.90402 55.92303 558.69658
55.37387 599.24072 56.02547 586.68698
55.51944 171.93058 58.57643 165.44998
55.56951 556.57695 55.92303 558.69658
55.56951 556.57695 56.27656 553.22112
55.81828 524.50363 57.85627 537.13825
55.82368 460.41940 56.35358 465.82169
55.87451 222.11473 57.67758 245.57088
56.02162 882.03303 57.32560 891.97805
56.02547 586.68698 56.35204 573.48164
56.08478 670.43328 62.76948 670.43328
56.24729 444.63614 59.42520 441.88185
56.27656 553.22112 56.89428 548.80547
56.35204 573.48164 56.59928 565.58693
56.35358 465.82169 58.12200 472.52564
56.48298 904.04810 59.71018 907.21060
56.50301 885.70619 61.23829 889.04353
56.89428 548.80547 57.94870 545.94797
57.03368 532.03788 57.83779 529.94906
57.14306 371.96939 59.28271 392.75597
57.32560 891.97805 59.60851 897.68381
57.44883 286.37920 58.97694 265.89840
57.67758 245.57088 58.97694 265.89840
57.67990 536.04608 60.09760 538.15724
57.83779 529.94906 59.22341 525.30312
57.85627 537.13825 60.22700 545.89945
57.94870 545.94797 60.22700 545.89945
57.98182 279.23006 84.85772 290.86263
58.30839 797.86697 62.54689 801.94295
58.54716 271.65730 67.28140 269.71944
58.57643 165.44998 62.30581 158.96939
58.67501 628.85088 62.13944 633.33431
58.92533 565.93815 65.10708 566.55586
58.95152 220.35248 63.53661 229.77761
59.01391 546.06813 62.19336 545.62602
59.22341 525.30312 59.71249 520.00481
59.28271 392.75597 60.19927 408.65091
59.42520 441.88185 61.05498 436.17379
59.44908 829.55979 64.50323 831.67942
59.60851 897.68381 63.98950 907.53717
59.71018 907.21060 62.67859 909.21162
59.71249 520.00481 63.70683 506.79946
60.09760 538.15724 61.32070 541.52000
60.19927 408.65091 61.11660 433.20769
60.70915 452.77116 60.70915 466.22066
60.70915 452.77116 61.11660 433.20769
61.23829 889.04353 67.27062 889.69590
61.32070 541.52000 62.19336 545.62602
61.32378 574.43978 61.93534 587.38017
61.32378 574.43978 61.96075 566.24161
61.54407 927.22311 65.33507 927.34481
61.93534 587.38017 62.85266 597.56935
62.13944 633.33431 69.88319 640.26317
62.19336 545.62602 67.84520 546.15593
62.30581 158.96939 64.67807 153.48006
62.54689 606.84198 62.85266 597.56935
62.54689 606.84198 63.87166 615.29894
62.54689 801.94295 67.43776 805.20327
62.67859 909.21162 64.85753 910.59801
62.76948 670.43328 68.47524 668.80273
63.29323 933.30396 63.64984 927.29089
63.52506 868.60586 65.23725 862.98098
63.53661 229.77761 71.68780 233.34371
63.70683 506.79946 65.25573 500.03312
63.98950 907.53717 65.19181 904.38468
63.98950 907.53717 66.31324 915.72919
64.50323 831.67942 71.18716 831.02705
64.67807 153.48006 74.94890 150.70806
65.10708 566.55586 72.17227 566.20310
65.19181 904.38468 71.81489 890.62863
65.23725 862.98098 66.45958 858.66084
65.25573 500.03312 67.45624 493.34919
65.33507 927.34481 72.91553 926.85572
66.31324 915.72919 68.75867 922.20978
66.45958 858.66084 66.94867 854.66650
66.94867 854.66650 67.43776 848.06422
67.09039 434.94375 67.86908 442.40560
67.09039 434.94375 71.01849 415.73843
67.27062 889.69590 71.81489 890.62863
67.28140 269.71944 79.76274 271.75743
67.43776 805.20327 74.36661 810.33906
67.43776 848.06422 68.66086 841.37952
67.45624 493.34919 69.33094 484.13818
67.47935 899.63476 78.23464 905.15259
67.84520 546.15593 72.43722 547.12794
67.86908 442.40560 70.17048 448.87310
68.47524 668.80273 74.67008 665.70492
68.66086 841.37952 71.18716 831.02705
68.75867 922.20978 70.47009 926.61156
69.33094 484.13818 69.90167 474.68225
69.88319 640.26317 79.46082 649.22925
69.90167 474.68225 71.20411 468.74697
70.17048 448.87310 71.48601 459.72466
70.19667 546.43860 71.72554 505.88522
71.01849 415.73843 75.82001 392.16830
71.15713 470.24735 71.48601 459.72466
71.15713 470.24735 72.54043 489.17462
71.18716 831.02705 75.09986 817.82171
71.18716 831.02705 76.24132 835.42960
71.48601 459.72466 75.39331 435.47674
71.68780 233.34371 81.36787 239.96679
71.72554 505.88522 72.54043 489.17462
71.81489 890.62863 76.65492 878.40146
72.17227 566.20310 78.79535 563.64213
72.43722 547.12794 82.50471 551.63139
72.91553 926.85572 85.75425 926.24494
74.36661 810.33906 77.54529 812.60504
74.67008 665.70492 81.07750 663.74935
74.94890 150.70806 81.46954 150.54554
75.09986 817.82171 77.54529 812.60504
75.39331 435.47674 85.17505 423.24957
75.82001 392.16830 78.87545 354.63030
76.24132 835.42960 83.90342 841.46116
76.65492 878.40146 78.69291 865.15530
77.54529 812.60504 79.17584 807.22508
77.54529 812.60504 79.66493 814.25176
78.23464 905.15259 84.34784 910.65501
78.69291 865.15530 81.24002 851.14508
78.79535 563.64213 82.06338 563.72994
78.87545 354.63030 95.46204 325.38599
79.15042 837.71945 82.33064 833.90458
79.17584 807.22508 81.80458 793.10241
79.46082 649.22925 81.09136 652.89778
79.66493 814.25176 86.91958 818.32774
79.76274 271.75743 84.60278 273.54048
81.05054 680.04171 81.09136 655.34322
81.05054 680.04171 81.90625 749.28871
81.09136 652.89778 81.09136 655.34322
81.09136 655.34322 90.97169 652.83848
81.24002 851.14508 83.90342 841.46116
81.36787 239.96679 93.34010 243.53289
81.46954 150.54554 86.84950 153.15349
81.80458 793.10241 83.23102 783.42311
81.90625 749.28871 83.43513 759.37622
82.06338 563.72994 83.82948 562.22879
82.21203 582.79508 89.14089 579.94220
82.33064 833.90458 84.89854 828.52462
82.50471 551.63139 94.25050 557.37181
83.23102 783.42311 83.53680 769.87117
83.43513 759.37622 83.53680 769.87117
83.53064 55.92380 84.54963 64.27910
83.82948 562.22879 84.44796 559.31429
83.90342 841.46116 92.38118 845.53714
84.34784 910.65501 92.29569 918.60286
84.44796 559.31429 85.59558 555.34075
84.54963 64.27910 87.30700 68.13018
84.60278 273.54048 91.99068 270.73844
84.85772 290.86263 91.99068 295.44772
84.89854 828.52462 86.48749 823.63375
85.17505 423.24957 99.84765 415.30249
85.59558 555.34075 86.76246 553.71252
85.75425 926.24494 91.25667 925.87754
86.03923 66.36022 88.93139 56.12791
86.48749 823.63375 86.91958 818.32774
86.76246 553.71252 86.83717 553.74872
86.84950 153.15349 89.78402 153.48006
86.91958 818.32774 94.33753 822.15879
87.30700 68.13018 87.94705 80.92885
87.94705 80.92885 88.90674 93.40788
88.25591 84.95091 88.47927 87.84923
88.25591 84.95091 90.60353 78.52501
88.59480 89.35270 102.31003 92.48362
88.90674 93.40788 90.18684 125.72612
89.14089 579.94220 99.83995 580.85876
89.78402 153.48006 92.04152 151.86184
90.18684 125.72612 91.46617 143.00436
90.60353 78.52501 93.04896 84.39405
90.60353 78.52501 93.90544 72.04441
90.97169 652.83848 104.47203 645.96045
91.25667 925.87754 95.53599 926.36663
91.46617 143.00436 93.06667 167.64279
91.88824 600.92364 100.85509 603.77652
91.99068 270.73844 93.26385 266.91740
91.99068 295.44772 105.64891 302.81329
92.29569 918.60286 97.49233 923.18795
92.38118 845.53714 97.92442 846.35203
92.53831 159.50700 96.75370 158.86772
93.04896 84.39405 94.63868 88.67337
93.06667 167.64279 97.54625 200.91995
93.26385 266.91740 102.33083 264.28095
93.34010 243.53289 100.24739 242.03636
93.90544 72.04441 99.89617 63.97487
94.25050 557.37181 106.34904 562.58232
94.33753 822.15879 99.06511 825.50076
94.63868 88.67337 97.80735 91.45615
95.46204 325.38599 105.86534 314.51132
95.53599 926.36663 100.79348 926.61156
96.50261 193.16773 100.98757 181.11231
96.75370 158.86772 99.32390 154.90111
97.49233 923.18795 100.79348 926.61156
97.54625 200.91995 100.42608 244.75676
97.92442 846.35203 102.16292 846.51531
99.06511 825.50076 103.14109 828.43528
99.32390 154.90111 104.35957 149.60434
99.42865 637.60515 104.93107 631.69529
99.79836 235.20455 111.68124 234.10776
99.83995 580.85876 107.88947 584.01741
99.84765 415.30249 112.58470 410.12048
99.89617 63.97487 102.09745 55.90455
100.42608 244.75676 105.54571 297.23308
100.79348 926.61156 103.22120 926.95970
100.85509 603.77652 111.85916 606.83351
100.98757 181.11231 102.48333 173.83609
102.16292 846.51531 105.58653 847.33020
102.31003 92.48362 124.62471 105.01657
102.43172 938.26877 103.65483 920.74329
102.48333 173.83609 106.57009 165.06411
103.14109 828.43528 111.88997 833.44245
103.65483 920.74329 108.23992 868.12602
104.35957 149.60434 112.00088 144.48164
104.47203 645.96045 114.15209 639.33737
104.93107 631.69529 105.33852 625.58209
105.33852 625.58209 109.61783 620.89456
105.49641 167.36782 118.73102 168.35370
105.54571 297.23308 105.86534 314.51132
105.58653 847.33020 108.84685 848.63495
105.86534 314.51132 107.14544 336.84603
106.34904 562.58232 114.38547 567.17434
106.57009 165.06411 110.55673 160.77786
107.14544 336.84603 107.46508 352.52454
107.46508 352.52454 111.62502 381.00248
107.71155 680.17650 115.69715 689.46684
107.88947 584.01741 115.53155 586.56529
108.23992 868.12602 111.29690 843.46757
108.23992 868.12602 122.23550 875.73190
108.84685 848.63495 110.56135 849.39977
108.87458 346.68476 118.84656 334.03551
109.61783 620.89456 112.67482 618.04168
110.55673 160.77786 114.74362 157.28955
110.65994 97.17346 112.24581 91.11880
111.29690 843.46757 113.53823 805.56296
111.62502 381.00248 112.58470 397.96109
111.68124 234.10776 120.34231 233.85359
111.85916 606.83351 117.76902 612.13182
112.00088 144.48164 117.38392 137.62210
112.00165 66.90939 112.85736 74.73478
112.00165 66.90939 113.71307 61.52943
112.24581 91.11880 113.46891 82.68263
112.30281 392.97086 117.19367 376.41662
112.48920 396.27200 121.12716 395.22220
112.58470 397.96109 112.58470 410.12048
112.58470 410.12048 122.18390 436.99869
112.67482 618.04168 117.76902 612.33592
112.85736 74.73478 113.46891 82.68263
112.88201 585.64796 114.51255 579.33065
113.20627 566.50040 120.74360 567.88063
113.53823 805.56296 116.18777 774.18053
114.15209 639.33737 126.57798 634.55125
114.38547 567.17434 114.92000 572.60590
114.38547 567.17434 121.18493 573.26752
114.51255 579.33065 114.92000 572.60590
114.74362 157.28955 117.13591 152.90317
114.80986 938.39740 121.65322 901.50254
115.53155 586.56529 117.77288 588.39917
115.53463 700.87527 117.16441 705.76460
115.69715 689.46684 119.77236 692.40059
116.18777 774.18053 116.79932 756.04350
116.55902 361.39357 117.19367 376.41662
116.55902 361.39357 119.94488 352.92967
116.79932 756.04350 119.09148 740.86101
117.00112 735.10211 117.75131 749.73620
117.00112 735.10211 118.30509 726.62666
117.13591 152.90317 120.52486 147.22206
117.16441 705.76460 119.28327 709.83981
117.38392 137.62210 121.37825 125.98722
117.76902 612.13182 117.76902 612.33592
117.76902 612.33592 121.33897 607.14775
117.77288 588.39917 119.50509 594.00326
117.77288 588.39917 119.70920 584.83307
117.90766 425.02415 131.99721 432.46366
118.30509 726.62666 119.28327 717.82540
118.73102 168.35370 124.21265 168.45305
118.84656 334.03551 127.24884 328.86429
119.09148 740.86101 121.63936 718.95377
119.28327 709.83981 119.28327 717.82540
119.50509 594.00326 120.42242 595.12392
119.70920 584.83307 121.84886 582.48931
119.77236 692.40059 123.77439 695.15642
119.94488 352.92967 126.29300 346.15870
120.34231 233.85359 127.51687 235.10981
120.42242 595.12392 121.54308 598.79246
120.52486 147.22206 121.62164 141.44006
120.74360 567.88063 125.24782 568.32273
121.12716 395.22220 129.17129 393.35751
121.18493 573.26752 125.68915 578.56660
121.33897 607.14775 121.54308 604.39654
121.33897 607.14775 127.69787 601.53288
121.37825 125.98722 123.98312 117.56492
121.54308 598.79246 121.54308 604.39654
121.62164 141.44006 122.59442 138.33609
121.63936 718.95377 125.20545 679.21527
121.63936 718.95377 136.15869 704.50838
121.65322 901.50254 125.72997 886.65201
121.84886 582.48931 124.29429 582.08186
122.06375 131.96795 122.79776 140.77151
122.06375 131.96795 122.92023 126.09890
122.18390 436.99869 122.82395 464.83658
122.23550 875.73190 125.72997 886.65201
122.75617 121.53307 122.92023 126.09890
122.79776 140.77151 124.02009 147.12964
122.82395 464.83658 126.98388 483.07452
122.88480 877.76064 134.46576 876.80943
123.04192 178.74929 125.85475 171.21736
123.19519 349.46293 124.38672 339.57490
123.77439 695.15642 133.30581 695.54153
123.98312 117.56492 126.91456 106.56470
124.02009 147.12964 124.50918 153.48777
124.21265 168.45305 126.22676 169.72930
124.38672 339.57490 124.94050 333.75824
124.50918 153.48777 126.83292 158.50110
124.62471 105.01657 146.32784 119.68917
124.66399 331.17262 124.94050 333.75824
124.73023 174.22967 127.70172 174.03557
125.20545 679.21527 126.22445 647.62874
125.24782 568.32273 128.83317 566.99873
125.68915 578.56660 126.66039 581.12756
125.85475 171.21736 127.32201 165.34831
126.22445 647.62874 126.73356 628.77848
126.29300 346.15870 136.44906 340.44525
126.66039 581.12756 127.27887 586.16092
126.73356 628.77848 128.77155 571.20873
126.83292 158.50110 127.32201 165.34831
126.98388 483.07452 127.62393 502.91373
127.10173 592.87258 127.27887 586.16092
127.10173 592.87258 127.81417 598.26024
127.24267 491.09169 148.35967 488.59388
127.24884 328.86429 133.89734 323.04762
127.51687 235.10981 132.29529 253.42938
127.51687 235.10981 138.77665 225.70394
127.62393 502.91373 129.54331 515.71240
127.70172 174.03557 131.68913 175.73005
127.81032 598.35420 127.81417 598.26024
128.77155 571.20873 129.54331 518.27259
128.80544 568.89654 139.20104 568.74712
128.83163 567.08808 128.83317 566.99873
128.85551 565.42980 150.58868 556.88503
128.97720 107.95879 130.34202 101.94033
129.17129 393.35751 138.73121 393.59011
129.54331 515.71240 129.54331 518.27259
129.73047 51.19776 130.64780 69.53813
129.73047 51.19776 131.25935 38.05327
129.84985 314.87101 131.07296 304.17195
129.84985 314.87101 134.54355 321.47792
130.22572 597.42532 144.89832 622.08377
130.34202 101.94033 132.17590 93.07515
130.64780 69.53813 132.17590 81.76530
131.07296 304.17195 133.51839 281.55226
131.68913 175.73005 133.98129 177.52388
131.99721 432.46366 144.01027 440.74887
132.17590 81.76530 132.17590 93.07515
132.29529 253.42938 133.51839 281.55226
133.30581 695.54153 134.93636 682.49947
133.30581 695.54153 136.15869 704.50838
133.89734 323.04762 134.54355 321.47792
133.98129 177.52388 136.41055 178.42349
134.04599 689.62088 144.71809 680.86893
134.46576 876.80943 149.89933 877.77066
134.54355 321.47792 139.52915 320.46201
134.93636 682.49947 135.75125 667.41942
135.75125 667.41942 141.04956 647.04106
136.41055 178.42349 138.04110 174.67331
136.41055 178.42349 139.50836 182.17290
136.44906 340.44525 146.81770 330.50022
138.04110 148.42591 139.01927 155.43641
138.04110 148.42591 141.79050 142.88267
138.04110 174.67331 139.01927 161.95706
138.33840 611.05891 152.43873 608.22606
138.73121 393.59011 149.92321 393.93979
138.77665 225.70394 144.76200 219.43284
139.01927 155.43641 139.01927 161.95706
139.20104 568.74712 156.44077 564.00259
139.50836 182.17290 140.48653 190.16158
139.52915 320.46201 148.76249 320.92414
140.45033 36.95263 140.93942 47.06016
140.48653 190.16158 141.13890 200.92149
140.93942 47.06016 141.91759 60.75460
141.04956 647.04106 147.67264 638.17588
141.14814 116.18777 142.40668 103.63172
141.52170 222.21409 152.22076 234.44126
141.79050 142.88267 150.43155 131.14459
141.91759 60.75460 143.05828 69.55893
142.40668 103.63172 143.22156 94.99144
142.41977 64.62955 146.31937 60.42879
143.05828 69.55893 145.34120 77.05775
143.22156 94.99144 144.36302 89.61149
143.52580 681.84710 148.78329 690.28173
144.01027 440.74887 154.98738 448.82611
144.36302 89.61149 145.83028 80.80793
144.36302 89.61149 147.46006 98.57757
144.65802 87.83999 157.91265 51.33871
144.71809 680.86893 150.83129 671.90285
144.76200 219.43284 146.05134 211.85700
144.76200 219.43284 153.74117 207.60310
144.89832 622.08377 158.14449 632.47629
145.34120 77.05775 145.83028 80.80793
146.05134 211.85700 149.71910 195.65629
146.31937 60.42879 147.94915 53.58158
146.32784 119.68917 174.14495 143.53196
146.81770 330.50022 166.49594 315.05355
147.46006 98.57757 151.53604 109.66405
147.65261 120.82447 151.53604 109.66405
147.67264 638.17588 150.78970 626.70583
147.94915 53.58158 149.09061 44.94130
148.35967 488.59388 159.54397 488.80030
148.76249 320.92414 154.96350 324.10667
148.78329 690.28173 152.53193 700.54947
149.09061 44.94130 150.88367 38.58317
149.71910 195.65629 153.38764 170.59040
149.89933 877.77066 151.72551 874.53113
149.89933 877.77066 168.68104 878.70185
149.92321 393.93979 167.52725 389.62658
150.43155 131.14459 153.41383 125.76309
150.58868 556.88503 167.51262 548.66067
150.83129 671.90285 168.35755 653.56171
150.88367 38.58317 150.88367 33.69231
151.72551 874.53113 172.81709 842.74049
151.99432 180.11103 158.90854 182.17290
152.22076 234.44126 158.02896 250.03119
152.43873 608.22606 174.04020 605.37318
152.53193 700.54947 154.48751 705.60209
152.69444 711.63210 154.48751 705.60209
152.69444 711.63210 154.97659 718.15198
153.16659 32.55085 157.91265 51.33871
153.38764 170.59040 157.97273 150.41538
153.74117 207.60310 163.00532 193.06606
154.97659 718.15198 158.56195 721.73733
154.98738 448.82611 163.06540 464.15340
155.77454 72.00436 155.77454 75.75377
155.77454 72.00436 158.54654 67.60258
155.77454 75.75377 159.36143 82.76427
156.44077 564.00259 161.47644 580.54220
156.44077 564.00259 170.67589 557.83394
156.54013 55.11970 158.54654 67.60258
157.87183 79.85209 159.85052 79.17738
157.91265 51.33871 167.69439 54.02907
158.02896 250.03119 164.14216 263.48147
158.14449 632.47629 163.61610 622.72613
158.14449 632.47629 174.85508 640.22081
158.54654 67.60258 163.11084 74.28651
158.56195 721.73733 162.96219 730.21201
158.90854 182.17290 167.34548 185.83296
159.36143 82.76427 160.50289 85.86131
159.54397 488.80030 171.51620 484.96925
159.85052 79.17738 163.27412 85.04642
161.31855 725.40124 168.95292 717.31013
161.47644 580.54220 164.22765 593.99247
161.73446 428.72426 162.34524 413.13433
161.73446 428.72426 167.54189 447.67618
162.34524 413.13433 163.87412 401.51871
162.69954 612.94440 162.92522 606.84121
162.69954 612.94440 163.61610 622.72613
162.96219 730.21201 163.28876 737.54677
163.00532 193.06606 170.27384 180.95134
163.01610 357.05494 165.76731 376.31264
163.06540 464.15340 167.84766 475.18751
163.11084 74.28651 170.93623 87.00277
163.27412 85.04642 164.90467 89.93729
163.53138 282.43339 164.14216 263.48147
163.53138 282.43339 166.89337 299.85720
163.87412 401.51871 167.52725 389.62658
164.14216 263.48147 169.64458 270.20622
164.14216 263.48147 176.98088 258.28482
164.22765 593.99247 166.88798 606.31746
164.90467 89.93729 167.51262 95.31724
165.76731 376.31264 169.43585 396.18189
166.49594 315.05355 166.89337 299.85720
166.49594 315.05355 187.23245 296.43282
167.34548 185.83296 167.43175 185.68893
167.51262 95.31724 170.93623 104.60989
167.51262 548.66067 180.00706 543.75748
167.52725 389.62658 180.81732 386.24534
167.54189 447.67618 170.90465 459.59758
167.69439 54.02907 179.31078 57.81930
167.84766 475.18751 171.51620 484.96925
167.84766 475.18751 172.73853 463.26611
168.04176 705.23161 168.95292 717.31013
168.35755 653.56171 174.85508 640.22081
168.49696 712.52401 172.02993 705.91479
168.68104 878.70185 205.08065 888.31183
169.43585 396.18189 179.82914 426.75020
169.64458 270.20622 170.86768 276.93097
170.27384 180.95134 174.40682 172.25792
170.45638 708.85856 176.13210 711.27087
170.67589 557.83394 180.64017 551.03294
170.86768 276.93097 171.47846 285.79615
170.90465 459.59758 172.73853 463.26611
170.93623 104.60989 172.40349 114.88072
171.08180 280.03648 186.45684 283.65572
171.47846 285.79615 172.41966 309.73445
171.51620 484.96925 173.65586 501.16996
172.02993 705.91479 172.82711 697.93844
172.40349 114.88072 172.40349 114.71743
172.68924 947.94807 175.44045 938.47211
172.81709 842.74049 187.18469 822.87124
172.82711 697.93844 174.87896 683.58008
173.54495 83.74245 173.87075 81.62281
173.54495 83.74245 178.43582 95.31724
173.65586 501.16996 175.18397 509.42359
173.87075 81.62281 175.17549 71.02619
174.04020 605.37318 196.25321 607.20706
174.14495 143.53196 185.93540 133.30273
174.14495 143.53196 190.34566 158.20457
174.40682 172.25792 174.60168 171.83353
174.60168 555.15436 174.74417 555.05731
174.60168 555.15436 175.44507 545.54746
174.85508 640.22081 176.36008 649.73605
174.85508 640.22081 179.46328 634.50812
174.85508 640.22081 186.47147 647.35300
174.87896 683.58008 178.06919 665.46154
175.17549 71.02619 179.31078 57.81930
175.18397 509.42359 176.71284 531.12672
175.44045 938.47211 179.10898 925.02184
175.44507 545.54746 176.27690 545.22166
176.13210 711.27087 183.08330 711.84083
176.27690 545.22166 176.71284 531.12672
176.36008 649.73605 178.18318 659.30828
176.98088 258.28482 184.92873 256.45094
178.06919 665.46154 178.18318 659.30828
178.43582 95.31724 179.90308 103.63172
179.10898 925.02184 184.91641 914.01777
179.10898 925.02184 186.36364 927.00899
179.31078 57.81930 190.19315 58.79748
179.33004 100.38603 190.33718 105.91387
179.46328 634.50812 191.07967 632.67346
179.82914 426.75020 186.45530 414.03779
179.82914 426.75020 188.38777 448.45333
179.90308 103.63172 183.48997 118.30432
180.00706 543.75748 191.07890 537.27304
180.64017 551.03294 195.50764 541.06866
180.81732 386.24534 196.90558 382.74856
182.27457 496.13891 187.16544 477.79854
182.27457 496.13891 188.99932 523.65024
183.08330 711.84083 189.46453 713.89191
183.48997 118.30432 184.95723 127.27117
184.91641 914.01777 191.33615 903.62448
184.92873 256.45094 197.15590 257.97905
184.95723 127.27117 185.93540 133.30273
185.93540 133.30273 191.64116 138.68269
186.26352 547.26350 188.37622 567.09270
186.36364 927.00899 194.00572 930.06598
186.45530 414.03779 193.90867 401.95080
186.45684 283.65572 196.33177 284.28730
186.47147 647.35300 195.43755 647.96455
187.16544 477.79854 193.89019 460.68050
187.18469 822.87124 216.83568 775.36897
187.23245 296.43282 192.52306 294.31704
187.62680 134.89785 193.27171 130.20569
188.37622 567.09270 193.26708 590.62971
188.38777 448.45333 193.89019 460.68050
188.99932 523.65024 195.50764 541.06866
189.46453 713.89191 192.76953 715.25905
190.13924 782.54507 191.76979 770.11379
190.13924 782.54507 193.80778 792.12270
190.19315 58.79748 199.48580 59.28656
190.33718 105.91387 202.72687 112.76108
190.34566 158.20457 200.12739 164.92932
190.34566 158.20457 213.86496 143.07907
190.34874 606.71951 193.26708 590.62971
191.07967 632.67346 200.24986 618.30664
191.33615 903.62448 198.67246 893.84274
191.64116 138.68269 199.46655 147.64953
191.76979 770.11379 192.58467 753.60730
192.22036 760.98212 199.67220 753.80602
192.52306 294.31704 196.33177 284.28730
192.52306 294.31704 196.94717 325.26430
192.58467 753.60730 195.64166 726.70753
192.76876 751.98831 201.30197 748.42606
192.76953 715.25905 196.73382 721.82590
192.76953 715.25905 199.37566 710.01696
193.27171 130.20569 200.28144 127.59697
193.48737 191.03500 194.40469 225.88263
193.48737 191.03500 194.85835 161.30699
193.80778 792.12270 199.35025 803.38094
193.90867 401.95080 198.13947 392.68357
194.00572 930.06598 202.25858 930.37098
194.13435 20.54165 232.34397 36.84403
194.40469 225.88263 197.15590 248.50309
195.43755 647.96455 201.55152 645.31501
195.50764 541.06866 215.11964 530.31337
195.64166 726.70753 199.71764 708.48885
196.25321 607.20706 215.61258 614.34003
196.33177 284.28730 199.08221 275.82340
196.90558 382.74856 197.25295 361.94581
196.90558 382.74856 198.13947 392.68357
196.90558 382.74856 208.44726 379.95037
196.94717 325.26430 197.25295 348.80131
197.15590 248.50309 197.15590 268.98312
197.15590 251.55930 219.03156 254.04017
197.15590 268.98312 197.34383 281.17255
197.25295 348.80131 197.25295 361.94581
198.67246 893.84274 205.08065 888.31183
199.08221 275.82340 206.48783 266.93665
199.35025 803.38094 224.37070 814.73314
199.46655 147.64953 201.42290 149.60588
199.48580 59.28656 215.25828 63.81081
199.67220 753.80602 206.35613 748.58935
199.71764 708.48885 200.12508 686.68405
199.71764 708.48885 212.35225 709.79360
200.12508 686.68405 204.81184 662.43305
200.12739 164.92932 219.69087 176.23993
200.24986 618.30664 204.22263 610.14312
200.28144 127.59697 208.43340 124.49917
201.30197 748.42606 207.00850 745.81812
201.55152 645.31501 204.81184 645.92656
202.25858 930.37098 207.76100 930.98253
202.72687 112.76108 207.78102 115.36980
204.81184 645.92656 204.81184 662.43305
204.81184 645.92656 207.25728 633.69939
204.81184 645.92656 211.79154 652.83462
205.08065 888.31183 232.16220 896.02862
206.35613 748.58935 207.00850 745.81812
206.48783 266.93665 215.37535 258.47276
207.00850 745.81812 209.12736 744.35085
207.25728 633.69939 209.52171 612.09562
207.76100 930.98253 213.26342 931.28831
208.43340 124.49917 216.74787 121.40213
208.44726 379.95037 225.93500 375.52009
209.12736 744.35085 213.52914 742.39451
211.79154 652.83462 220.70755 656.40149
212.35225 709.79360 226.20920 715.70346
213.26342 931.28831 220.68136 932.35814
213.52914 742.39451 222.82179 741.74213
213.86496 143.07907 229.15219 139.31580
215.11964 530.31337 234.73163 520.50776
215.17894 970.87430 215.79050 970.87430
215.17894 970.87430 216.40205 962.31490
215.25828 63.81081 230.54243 67.47858
215.37535 258.47276 222.35812 250.00886
215.61258 614.34003 248.82966 633.22802
216.40205 962.31490 218.54170 947.03074
216.74787 121.40213 223.59509 120.91304
216.83568 775.36897 234.36116 742.25356
217.65057 615.35825 232.32317 595.38733
218.54170 947.03074 220.68136 932.35814
218.82437 254.29126 219.03156 254.04017
219.69087 176.23993 244.45098 186.63322
220.68136 932.35814 221.90370 925.32761
220.70755 656.40149 221.98072 668.88283
221.29291 909.73768 221.90370 925.32761
221.29291 909.73768 223.67442 893.61014
221.98072 668.88283 226.05670 678.81784
222.31422 495.82851 228.96195 497.64160
222.35812 250.00886 231.24487 244.29540
222.78020 32.76343 224.02256 28.61350
222.82179 741.74213 229.01741 741.41633
223.59509 120.91304 225.38815 120.74976
223.67442 893.61014 225.68930 885.87409
224.02256 28.61350 226.14219 22.74446
224.37070 814.73314 242.45612 805.30802
224.57326 109.17496 225.38815 120.74976
224.57326 109.17496 228.48596 106.56624
225.38815 120.74976 227.50624 131.30479
225.68930 885.87409 228.28416 875.14730
225.93500 375.52009 242.51081 370.95271
226.05670 678.81784 226.05670 692.06401
226.05670 692.06401 231.66078 701.99825
226.14219 22.74446 228.26182 16.87542
226.20920 715.70346 232.11906 721.61255
227.50624 131.30479 229.46259 129.02264
227.50624 131.30479 229.95168 143.20616
228.11394 134.26396 233.14114 144.75506
228.26182 16.87542 232.01123 13.77838
228.28416 875.14730 228.71625 865.97789
228.48596 106.56624 232.21226 104.26099
228.71625 865.97789 231.83100 841.84319
228.89417 245.80656 229.73756 257.87969
228.96195 497.64160 239.03483 498.64904
229.01741 741.41633 232.76681 739.62250
229.15219 139.31580 230.16580 138.54482
229.46259 129.02264 232.56040 122.66451
229.46259 129.02264 235.58041 120.17826
229.46259 148.42283 229.95168 143.20616
229.46259 148.42283 231.09314 160.16091
229.73756 257.87969 231.04230 270.27015
230.54243 67.47858 241.79143 71.63620
230.60405 85.00483 231.90802 93.80839
231.04230 270.27015 232.34628 279.72531
231.09314 160.16091 232.07131 166.51904
231.24487 244.29540 236.53933 241.97859
231.43819 838.71226 231.83100 841.84319
231.66078 701.99825 235.22688 704.03624
231.90802 93.80839 232.39711 110.59986
231.97503 96.10286 242.94136 72.20154
232.01123 13.77838 232.66361  9.53912
232.07131 166.51904 234.66925 160.03845
232.07131 166.51904 235.01815 182.67354
232.11906 721.61255 242.07333 727.51240
232.16220 896.02862 266.52305 906.07454
232.23383 90.71059 232.23383 90.54730
232.23383 90.71059 233.86437 85.65643
232.32317 595.38733 238.64048 585.40226
232.34397 36.84403 256.79831 47.54309
232.34628 279.72531 232.52728 284.73248
232.39711 110.59986 232.56040 122.66451
232.52728 284.73248 233.29133 301.03486
232.52728 284.73248 235.32932 275.56153
232.73755 94.44074 235.45795 106.60552
232.76681 739.62250 235.04896 735.54729
233.14114 144.75506 234.66925 160.03845
233.29133 301.03486 237.16320 327.49715
233.75808 931.42310 233.86668 931.45236
233.75808 931.42310 234.70314 928.43235
233.86437 85.65643 234.67926 72.12529
234.36116 742.25356 239.25203 733.08337
234.67926 72.12529 235.00583 62.83264
234.70314 928.43235 235.69979 924.75996
234.73163 520.50776 244.06356 516.71136
234.94652 359.90320 234.94652 366.58713
234.94652 359.90320 235.92470 353.54507
234.94652 366.58713 235.44023 372.90136
235.00583 62.83264 239.24433 51.58364
235.01815 182.67354 237.11237 196.08530
235.04896 735.54729 239.25203 733.08337
235.09518 317.50361 271.07271 307.42688
235.22688 704.03624 237.26487 713.97125
235.22688 704.03624 237.46205 696.22394
235.32932 275.56153 238.64048 255.69228
235.45795 106.60552 235.58041 120.17826
235.58041 120.17826 254.77649 129.83753
235.69979 924.75996 236.53933 921.71684
235.92470 353.54507 236.41378 346.69786
236.34755 230.47388 236.60249 245.75804
236.34755 230.47388 237.11237 212.64262
236.41378 346.69786 238.60120 339.20982
236.53933 921.71684 237.06385 918.83161
236.60249 245.75804 238.64048 255.69228
237.06385 918.83161 237.58836 916.20826
237.11237 196.08530 237.11237 212.64262
237.16320 327.49715 239.30286 344.92020
237.26487 713.97125 238.79298 720.33939
237.46205 696.22394 237.58297 687.38033
237.58297 687.38033 243.63995 676.59885
237.58836 916.20826 238.27000 915.26398
238.27000 915.26398 239.63406 910.75205
238.64048 585.40226 246.38422 577.45441
238.79298 720.33939 243.89643 723.91319
239.03483 498.64904 245.68256 499.25366
239.24433 51.58364 242.83122 42.29099
239.25203 733.08337 250.26611 711.33711
239.25203 733.08337 251.37599 731.42510
239.30286 344.92020 242.35985 350.11684
239.63406 910.75205 241.10363 905.19110
240.11313 800.67209 242.45612 805.30802
240.11313 800.67209 242.86434 785.08216
241.10363 905.19110 241.99554 901.67583
241.10363 905.19110 252.81860 907.73127
241.79143 71.63620 256.46403 78.85004
241.99554 901.67583 242.97602 899.19035
242.05407 367.84643 242.35985 350.11684
242.05407 367.84643 243.58218 378.23972
242.45612 805.30802 256.72129 811.16705
242.86434 785.08216 245.92055 770.40955
243.28026 725.12936 243.89643 723.91319
243.28026 725.12936 243.94957 723.80767
243.58218 378.23972 246.02761 405.13949
243.63995 676.59885 245.82043 671.02557
244.06356 516.71136 250.56264 515.49211
244.45098 186.63322 262.48635 192.44064
245.14572 395.43632 264.38955 399.60550
245.68256 499.25366 251.92130 498.58280
245.92055 770.40955 247.14366 751.15186
246.02761 405.13949 251.22426 439.68135
246.38422 577.45441 251.85892 570.05110
247.14366 751.15186 249.28331 737.70158
247.77215 416.73509 272.06629 391.69153
248.60013 613.83707 249.20398 606.43916
248.60013 613.83707 251.27509 617.94386
248.82966 633.22802 251.27509 617.94386
248.82966 633.22802 252.70153 643.82464
248.90206 545.38495 250.26072 552.02805
248.90206 545.38495 251.01553 533.60912
249.14082 631.28168 256.24760 633.80106
249.20398 606.43916 251.77034 588.17119
249.28331 737.70158 255.39651 719.36121
249.35494 508.09419 250.56264 515.49211
249.35494 508.09419 251.92130 498.58280
250.26072 552.02805 251.31745 563.71376
250.26611 711.33711 256.12283 696.08299
250.53646 733.94216 257.16493 745.37755
250.56264 515.49211 252.52515 523.94677
250.74056 920.56999 251.47381 934.38689
250.74056 920.56999 252.08536 913.11122
251.01553 533.60912 252.52515 523.94677
251.11720 775.30042 252.34030 770.40955
251.22426 439.68135 254.28124 464.13569
251.27509 617.94386 270.02368 623.76515
251.31745 563.71376 252.37419 576.09344
251.37599 731.42510 257.52693 742.81119
251.47381 934.38689 252.94107 947.46977
251.77034 588.17119 252.37419 576.09344
251.92130 498.58280 254.28124 471.47199
252.08536 913.11122 252.81860 907.73127
252.34030 770.40955 255.70229 755.73695
252.64453 252.24017 260.67557 249.62298
252.70153 643.82464 252.90564 654.42127
252.79781 946.19275 260.13103 944.57607
252.90564 654.42127 254.35210 669.66152
252.94107 947.46977 254.53079 955.66178
253.12438 484.76129 264.39802 467.97213
253.44710 821.26842 256.72129 811.16705
254.21577 681.91873 254.35210 669.66152
254.21577 681.91873 256.39471 693.35951
254.28124 464.13569 254.28124 471.47199
254.53079 955.66178 257.20036 967.93978
254.77649 129.83753 281.55457 143.16534
255.39651 719.36121 256.61962 703.46551
255.70229 755.73695 259.37083 729.75450
255.70229 755.73695 265.75822 765.18903
256.00807 808.61994 256.92539 798.22666
256.12283 696.08299 256.39471 693.35951
256.12283 696.08299 256.61962 703.46551
256.12283 696.08299 260.32358 684.82937
256.12283 696.08299 269.15256 701.32585
256.24760 633.80106 261.95336 634.77923
256.46403 78.85004 273.82700 84.96401
256.72129 811.16705 280.66651 826.19626
256.79831 47.54309 276.15844 52.12818
256.92539 798.22666 260.89893 780.80284
257.20036 967.93978 263.56850 975.83680
258.20934 79.46467 260.76569 71.67779
259.37083 729.75450 263.95592 710.80181
259.55029 165.33753 264.82780 203.28066
259.55029 165.33753 278.65548 158.45951
260.13103 944.57607 268.20135 944.20944
260.32358 684.82937 264.88788 669.50440
260.35054 837.45450 261.78468 831.04939
260.67557 249.62298 266.45065 249.71309
260.76569 71.67779 264.67838 64.99386
260.89893 780.80284 263.34437 767.65834
261.74694 680.05096 268.82137 692.97055
261.78468 831.04939 263.02781 823.21013
261.95336 634.77923 267.33331 633.63854
263.02781 823.21013 265.98852 816.98371
263.34437 767.65834 265.75822 765.18903
263.34437 767.65834 276.48886 754.20884
263.56850 975.83680 266.37054 977.61985
263.95592 710.80181 269.15256 701.32585
264.39802 467.97213 280.90451 452.99375
264.67838 64.99386 269.51379 50.55463
264.82780 203.28066 271.02265 234.41970
264.88788 669.50440 266.68171 664.12444
266.19262 642.93119 266.84423 654.01690
266.19262 642.93119 267.33331 633.63854
266.45065 249.71309 271.31841 251.53619
266.52305 906.07454 294.62359 914.66475
266.68171 664.12444 266.84423 654.01690
266.82266 465.77240 273.14767 474.62602
267.33331 633.63854 276.13688 631.19311
267.99878 879.63227 269.05012 871.79302
268.20135 944.20944 277.12660 946.65488
268.82137 692.97055 276.97256 700.86757
269.05012 871.79302 269.43292 866.53552
269.15256 701.32585 273.53740 697.53947
269.43292 866.53552 271.15358 859.17458
270.02368 623.76515 274.46243 599.82223
270.02368 623.76515 292.84747 635.78822
270.55435 258.81242 270.86013 287.85262
270.55435 258.81242 272.45679 240.69233
270.86013 287.85262 271.16591 315.97473
271.02265 234.41970 276.24009 257.24349
271.02958 303.44333 286.75507 297.94014
271.15358 859.17458 271.34460 852.96048
271.16591 315.97473 272.38824 341.95795
271.16591 355.71323 272.38824 341.95795
271.16591 355.71323 272.98901 378.73497
271.34460 852.96048 272.77874 845.31301
271.49787 388.09231 274.25909 405.57698
271.49787 388.09231 274.85986 366.99996
272.39594 831.83347 272.49145 825.71488
272.39594 831.83347 272.87424 838.71611
272.49145 825.71488 272.92277 821.33620
272.77874 845.31301 272.87424 838.71611
273.09915 567.86831 275.06782 557.72226
273.09915 567.86831 278.55150 575.28933
273.14767 474.62602 273.14767 488.38130
273.14767 488.38130 276.20389 499.38614
273.14767 545.54361 273.75845 532.39911
273.14767 545.54361 275.06782 557.72226
273.75845 532.39911 276.20389 499.38614
273.82700 84.96401 286.29833 88.38762
274.25909 405.57698 280.29065 438.01999
274.25909 405.57698 284.16329 407.62960
274.46243 599.82223 279.76305 584.52730
274.85986 366.99996 281.27961 340.10019
275.45524 880.66513 275.55074 880.47334
275.55074 880.47334 279.08834 863.36147
276.13688 631.19311 281.09552 629.59722
276.15844 52.12818 288.89473 49.58108
276.24009 257.24349 277.21826 262.29765
276.48886 754.20884 283.21362 740.75857
276.97256 700.86757 289.96455 714.11374
277.12660 946.65488 282.38486 949.58940
277.21826 262.29765 281.86420 281.73865
278.55150 575.28933 280.52017 576.80358
278.65548 158.45951 290.37354 146.48728
279.08834 863.36147 280.61799 857.24365
279.11222 349.18103 283.02183 351.05882
279.31710 432.78176 285.58434 423.60541
279.76305 584.52730 280.52017 576.80358
280.29065 438.01999 281.75791 448.77990
280.55021 975.75593 282.75149 967.93054
280.61799 857.24365 283.00720 849.11787
280.66651 826.19626 300.53576 837.65938
280.90451 452.99375 299.55143 433.73605
281.27961 340.10019 289.27829 321.73902
281.55457 143.16534 286.93453 146.09986
281.86420 281.73865 286.75507 297.94014
282.75149 967.93054 285.80847 961.57241
283.00720 849.11787 286.54480 838.69763
283.02183 351.05882 285.14147 364.42667
283.21362 740.75857 294.52423 724.86363
284.16329 407.62960 292.96685 409.09686
285.14147 364.42667 286.44544 374.86078
285.14840 631.73226 296.69855 589.14397
285.58434 423.60541 294.02051 418.95947
285.80847 961.57241 290.44748 955.42532
286.29833 88.38762 295.71344 90.71059
286.44544 374.86078 287.09781 382.03380
286.54480 838.69763 289.20820 831.12410
286.75507 297.94014 289.27829 321.73902
286.93453 146.09986 290.37354 146.48728
286.93453 381.54471 287.09781 382.03380
286.94300 299.71163 291.90011 297.06132
288.89473 49.58108 301.07183 39.49896
288.89473 49.58108 304.63870 49.94308
289.27829 321.73902 301.01638 302.66464
289.62797 924.45727 290.64697 907.95078
289.62797 932.81256 289.62797 924.45727
289.62797 932.81256 291.25775 940.76042
289.96455 714.11374 294.80382 720.48188
289.96455 714.11374 297.30086 688.37082
290.03541 950.94960 291.25775 940.76042
290.03541 950.94960 291.46185 966.43709
290.23952 730.88441 295.53783 736.41301
290.28882 831.74720 300.37787 821.59576
290.37354 146.48728 310.24279 135.78822
290.64697 907.95078 292.27674 890.42453
291.90011 297.06132 298.25823 290.86648
292.27674 890.42453 294.11139 871.06516
292.84747 635.78822 309.76217 641.49397
292.96685 409.09686 304.32522 415.02906
293.75247 969.12668 293.93887 965.03376
293.93887 960.94083 293.93887 965.03376
293.93887 960.94083 295.42692 955.91749
294.02051 418.95947 305.88106 414.43522
294.11139 871.06516 296.14861 857.81900
294.12449 926.33582 294.31088 937.49856
294.12449 926.33582 294.62359 914.66475
294.28546 813.10337 295.30446 799.24565
294.28546 813.10337 299.03692 822.94518
294.31088 937.49856 295.61331 942.14989
294.52423 724.86363 295.12115 721.03181
294.62359 914.66475 315.58962 921.07140
294.80382 720.48188 295.12115 721.03181
295.12115 721.03181 303.69442 710.19103
295.30446 799.24565 296.73090 784.98049
295.42692 949.40532 295.42692 955.91749
295.42692 949.40532 295.61331 942.14989
295.42692 949.40532 298.40381 954.05665
295.42692 955.91749 295.98533 961.87048
295.53783 736.41301 299.61304 740.99811
295.71344 90.71059 307.35371 91.68876
295.98533 961.87048 298.03179 970.05710
296.14861 857.81900 298.59405 844.16539
296.48674 27.78090 301.07183 39.49896
296.69855 589.14397 303.21919 562.44753
296.73090 784.98049 300.60277 768.26990
297.19457 475.17981 297.32165 487.01879
297.19457 475.17981 300.75912 469.32309
297.19457 475.17981 304.63254 477.37723
297.30086 688.37082 305.86026 664.52726
297.32165 487.01879 300.12216 499.11348
297.39790 90.85231 297.42717 90.85462
297.42717 90.85462 298.91677 138.88602
298.03179 970.05710 298.59020 971.73155
298.25823 290.86648 303.96399 282.71529
298.40381 954.05665 303.42715 957.40554
298.59405 844.16539 301.65103 830.10433
298.68262 142.01310 298.91677 138.88602
298.68262 142.01310 301.07183 196.66913
299.55143 433.73605 313.40914 422.52788
299.61304 740.99811 303.94397 744.56420
300.12216 499.11348 304.95988 514.13576
300.37787 821.59576 301.10495 832.61678
300.37787 821.59576 301.65103 830.10433
300.37787 821.59576 307.25512 814.97268
300.60277 768.26990 303.94397 744.56420
300.75912 469.32309 309.33316 457.57884
301.01638 302.66464 316.17807 275.27578
301.07183 39.49896 304.63870 49.94308
301.07183 196.66913 319.92748 195.29352
301.10495 832.61678 306.23613 844.16539
301.37684 24.10774 305.70776 33.78781
303.21919 562.44753 312.08976 535.95674
303.42715 957.40554 305.10160 960.56882
303.42715 957.40554 310.86897 947.54525
303.69442 710.19103 308.58528 697.65808
303.94397 744.56420 305.72701 748.64018
303.94397 744.56420 309.36628 729.75450
303.96399 282.71529 310.97449 274.40081
304.63254 477.37723 311.35729 480.73922
304.63870 49.94308 306.95628 68.27344
304.95988 514.13576 308.90646 520.11957
305.10160 960.56882 307.70647 965.59139
305.70776 33.78781 310.54702 52.63806
305.72701 748.64018 308.27412 756.53720
305.86026 664.52726 313.63944 642.96354
305.88106 414.43522 311.60761 409.74846
305.88106 414.43522 315.54110 413.45705
306.23613 844.16539 315.66125 859.19460
306.49107 841.36334 306.74601 841.10840
306.74601 841.10840 307.76500 835.50431
306.95628 68.27344 307.97527 79.58405
307.25512 814.97268 310.82122 809.11365
307.70647 965.59139 307.70647 967.26584
307.76500 835.50431 309.54805 828.37212
307.97527 79.58405 308.79016 94.76577
308.10544 82.00715 311.82096 98.69387
308.27412 756.53720 310.05717 763.41446
308.58528 697.65808 315.31003 683.90203
308.79016 94.76577 309.30004 103.22274
308.90646 520.11957 311.58065 526.79040
309.30004 103.22274 311.44971 128.61520
309.30235 811.60915 310.05717 821.23915
309.33316 457.57884 313.00093 447.38966
309.36628 729.75450 314.66459 727.10573
309.54805 828.37212 310.05717 821.23915
309.76217 641.49397 329.12154 648.83027
310.05717 763.41446 311.84021 770.54742
310.11031 112.79728 315.50721 115.85889
310.54702 52.63806 315.64200 68.43133
310.82122 784.81258 311.84021 770.54742
310.82122 809.11365 310.82122 784.81258
310.86897 947.54525 317.56677 936.38251
310.97449 274.40081 317.65842 264.29250
311.35729 480.73922 316.24816 488.38130
311.44971 128.61520 313.56935 139.21182
311.58065 526.79040 312.08976 535.95674
311.60761 409.74846 324.64967 402.90125
311.77860 430.27162 313.00093 447.38966
311.77860 430.27162 315.54110 413.45705
311.82096 98.69387 316.50772 108.27150
312.08976 535.95674 324.61732 509.05542
313.40914 422.12043 318.99937 425.10579
313.40914 422.52788 313.40914 422.12043
313.56935 139.21182 314.87332 150.78662
314.66459 727.10573 316.29437 713.85957
314.87332 150.78662 317.31876 167.74214
315.25997 153.46620 321.42940 152.43565
315.31003 683.90203 325.09177 673.50875
315.50721 115.85889 320.58370 121.92511
315.54110 413.45705 330.33540 410.52253
315.58962 921.07140 342.52560 927.18614
315.64200 68.43133 326.08612 83.46055
315.66125 859.19460 326.36032 874.22382
315.90079 717.05750 324.35236 718.16045
316.17807 275.27578 322.69871 257.17956
316.24816 488.38130 323.58446 503.35968
316.29437 713.85957 318.53647 703.87372
316.50772 108.27150 322.41758 113.36647
317.31876 167.74214 318.29693 177.68640
317.56677 936.38251 326.44042 923.53455
317.65842 264.29250 320.74159 262.61189
318.29693 177.68640 321.55802 180.78420
318.53647 703.87372 321.59345 689.60856
318.99937 425.10579 319.91669 449.25435
319.04250 405.84501 322.20423 389.69590
319.92748 195.29352 320.57985 200.67348
319.92748 195.29352 322.53620 193.33717
320.57985 200.67348 321.72054 206.47782
320.58370 121.92511 324.79678 133.50838
320.58370 121.92511 334.25502 117.80985
321.42940 152.43565 333.85374 151.73861
321.55802 180.78420 322.37291 190.56594
321.59345 689.60856 330.59419 666.17245
321.72054 206.47782 324.16597 210.22723
321.86919 184.52052 328.57237 185.51101
322.20423 389.69590 324.81295 365.07828
322.37291 190.56594 322.53620 193.33717
322.41758 113.36647 331.38443 115.20036
322.69871 257.17956 324.81834 240.22481
323.58446 503.35968 324.61732 509.05542
323.61604 787.27804 324.07278 795.66184
324.07278 795.66184 326.66455 808.77091
324.16597 210.22723 325.30743 218.05262
324.35236 718.16045 332.45041 722.20870
324.38933 211.75842 333.05657 239.15883
324.61732 509.05542 334.80650 492.75304
324.64967 402.90125 337.85501 394.74929
324.79678 133.50838 325.95749 137.80464
324.81295 365.07828 326.60601 347.30787
324.81834 226.20381 324.81834 240.22481
324.81834 226.20381 325.30743 218.05262
325.09177 673.50875 330.59419 666.17245
325.43991 789.35762 330.94233 794.86004
325.59857 803.37786 335.04295 802.96502
325.95749 137.80464 327.93156 141.17202
326.08612 83.46055 333.21831 104.34879
326.36032 874.22382 333.23834 881.86589
326.60601 347.30787 328.39985 329.21165
326.66455 808.77091 331.23732 818.06972
327.50255 338.26862 336.55104 331.00549
327.93156 141.17202 329.90562 144.07496
328.57237 185.51101 334.60470 192.03166
329.12154 648.83027 340.94126 651.68315
329.67378 150.69342 329.90562 144.07496
330.33540 410.52253 344.51892 407.22139
330.59419 666.17245 334.00316 650.00870
330.59419 666.17245 340.23960 678.48203
330.63655 503.59845 342.86372 519.18761
330.94233 794.86004 335.83320 797.30548
331.23732 818.06972 338.40186 831.94053
331.38443 115.20036 335.86786 119.27634
332.45041 722.20870 344.77309 727.49007
333.05657 239.15883 339.78132 286.23286
333.21831 104.34879 339.07734 114.79291
333.23834 881.86589 341.59364 888.28487
333.85374 151.73861 343.60775 151.62230
334.60470 192.03166 339.21829 195.66631
334.80650 492.75304 346.62623 474.41190
335.04295 802.96502 343.19415 804.74807
335.83320 797.30548 338.58364 799.75091
335.86786 119.27634 336.68274 119.27634
335.97877 259.61421 337.60007 217.14453
336.55104 331.00549 348.71890 336.29147
336.68274 119.27634 342.21443 129.67656
337.60007 202.87937 337.60007 217.14453
337.60007 202.87937 343.71327 175.62299
337.85501 394.74929 350.57204 381.05486
338.39339 276.51890 364.94657 267.66143
338.40186 831.94053 342.66963 842.30609
338.58364 799.75091 346.53149 803.11367
339.07734 114.79291 351.04957 125.74615
339.36309 967.14338 339.44936 972.71897
339.36309 967.14338 339.53485 959.93878
339.53485 959.93878 340.82111 945.27157
339.78132 286.23286 346.81185 325.66558
340.23960 678.48203 344.51892 701.71327
340.49916 877.68824 345.64728 886.61196
340.82111 945.27157 343.65165 936.69368
340.94126 651.68315 355.61387 654.12936
341.40108 150.22899 342.21443 129.67656
341.59364 888.28487 348.92994 891.95341
342.21443 129.67656 366.34143 124.26887
342.52560 927.18614 356.79384 931.55403
342.66963 842.30609 349.22416 858.92117
342.86372 519.18761 349.58847 546.39316
343.19415 804.74807 349.28270 805.86488
343.29658 742.98064 344.51892 759.48713
343.29658 742.98064 344.77309 727.49007
343.52226 882.92725 349.59464 879.40428
343.60775 151.62230 351.27139 151.39047
343.65165 936.69368 346.56846 931.11886
343.71327 175.62299 351.27139 151.39047
344.51892 407.22139 352.83339 405.87659
344.51892 701.71327 344.77309 727.49007
344.51892 759.48713 346.04779 772.32585
344.65678 760.64399 351.50246 754.91898
345.64728 886.61196 354.16124 894.25096
346.53149 803.11367 349.28270 805.86488
346.56846 931.11886 346.89195 928.52324
346.62623 474.41190 357.45931 461.98062
346.81185 325.66558 351.09116 349.50914
348.56486 919.21749 349.42288 921.96331
348.56486 919.21749 350.79617 909.43576
348.92994 891.95341 354.16124 894.25096
348.97769 929.16174 349.59464 925.73891
349.22416 858.92117 355.42902 872.54012
349.28270 805.86488 353.25624 807.69877
349.42288 921.96331 349.59464 925.73891
349.58847 546.39316 356.31323 573.59871
349.59464 879.40428 353.71298 874.59891
350.53122 543.26916 351.34611 543.26916
350.53122 543.26916 352.97665 533.07998
350.57204 381.05486 352.99283 378.45153
350.64136 653.30060 359.87470 646.56969
350.79617 909.43576 352.68397 901.54182
351.09116 349.50914 352.16099 374.12600
351.27139 151.39047 356.26393 152.78379
351.50246 754.91898 357.28986 748.88665
351.67730 905.74950 359.10988 898.14902
352.03391 605.69513 353.86779 594.69106
352.03391 605.69513 367.01229 626.17593
352.16099 374.12600 356.23697 395.32002
352.68397 901.54182 354.16124 894.25096
352.83339 405.87659 355.58691 405.63705
352.97665 533.07998 355.01387 506.58765
352.99283 378.45153 361.11321 384.03944
353.25624 807.69877 361.20409 813.20118
353.71298 874.59891 355.42902 872.54012
353.86779 594.69106 356.31323 573.59871
354.16124 894.25096 357.31682 883.69438
355.01387 506.58765 357.45931 473.57391
355.42209 403.87942 356.23697 395.32002
355.42209 403.87942 356.64442 416.92148
355.42902 872.54012 358.86187 875.80045
355.61387 654.12936 368.65670 654.74014
356.26393 152.78379 360.32836 151.85491
356.28550 489.42802 360.07727 481.79981
356.64442 416.92148 357.45931 444.22870
356.79384 931.55403 370.48057 931.99075
357.28986 748.88665 362.26237 745.95213
357.31682 883.69438 358.86187 875.80045
357.45931 444.22870 357.45931 473.57391
357.45931 461.98062 369.60483 450.11083
358.85879 615.02706 361.35583 609.75185
358.86187 875.80045 365.07751 878.88978
359.10988 898.14902 363.83746 893.58472
359.87470 646.56969 362.20229 633.45061
360.07727 481.79981 360.90602 473.30818
360.32836 151.85491 370.68853 149.91474
360.69498 64.86832 361.96815 36.84788
360.69498 64.86832 362.22309 92.12470
360.90602 473.30818 363.80588 465.23016
361.09395 876.91033 363.86596 867.07776
361.11321 384.03944 371.26234 392.73825
361.20409 813.20118 369.45772 815.03507
361.35583 609.75185 366.22282 598.53751
361.96815 36.84788 363.49702 14.17659
362.20229 633.45061 363.68034 621.61933
362.22309 92.12470 364.26108 113.52206
362.26237 745.95213 373.34808 746.19706
363.68034 621.61933 363.69189 621.63628
363.80588 465.23016 368.15529 458.80965
363.83746 893.58472 370.95425 887.89360
363.86596 867.07776 364.65235 858.90038
364.26108 113.52206 367.31806 129.31532
364.65235 858.90038 365.87545 844.63522
364.94657 267.66143 380.43637 265.13974
365.07751 878.88978 372.54629 879.65229
365.87545 844.63522 369.74732 827.31307
366.22282 598.53751 370.03153 589.01534
367.01229 626.17593 381.68489 650.93604
367.31806 129.31532 371.90316 157.33653
368.12448 451.55807 378.09723 426.49911
368.15529 458.80965 371.88313 452.59632
368.65670 654.74014 378.84588 652.90625
368.71138 931.93452 369.05413 925.86445
369.05413 925.86445 369.38070 919.17975
369.38070 919.17975 369.54322 907.27915
369.45772 815.03507 380.18759 819.27664
369.54322 907.27915 370.35887 890.97600
369.60483 450.11083 378.92521 440.37608
369.74732 827.31307 371.41407 815.80836
369.97993 145.58459 387.62942 165.12803
370.03153 589.01534 374.26310 569.12530
370.35887 890.97600 372.54629 879.65229
370.48057 931.99075 377.18144 932.58766
371.26234 392.73825 382.23945 399.15877
371.73371 447.88722 371.88313 452.59632
371.90316 157.33653 374.47568 171.39759
372.14192 48.15464 372.14192 73.01643
372.14192 48.15464 375.80969 23.29286
372.14192 51.92485 384.36909 53.75873
372.14192 73.01643 374.99480 102.76908
372.54629 879.65229 379.17399 878.15345
373.34808 746.19706 379.70775 750.42246
374.26310 569.12530 378.07181 546.27300
374.47568 171.39759 375.59634 185.76442
374.58736 117.44168 374.99480 102.76908
374.58736 117.44168 376.62535 130.89196
374.80687 991.42288 376.02997 956.77859
374.80687 991.42288 376.02997 991.83032
375.29133 193.71227 375.59634 185.76442
375.29133 193.71227 375.80045 201.66012
375.59634 198.47143 382.33110 187.54438
375.80045 201.66012 376.92111 211.95097
375.80969 23.29286 381.92366  6.58226
376.02997 956.77859 377.25230 931.10192
376.12163 204.61082 390.13416 206.91530
376.62535 130.89196 376.62535 150.86287
376.76861 941.26645 386.23918 940.05798
376.92111 211.95097 377.53266 217.65750
377.25230 931.10192 378.47540 904.60959
377.25230 931.10192 383.18296 938.83565
377.53266 217.65750 378.48003 234.10237
378.07181 546.27300 385.47820 535.48152
378.09723 426.49911 383.48258 413.03651
378.29055 230.80662 389.23531 221.05184
378.47540 904.60959 379.23946 875.67182
378.48003 234.10237 379.78477 242.90593
378.84588 652.90625 381.68489 650.93604
378.92521 440.37608 386.79604 430.84852
379.17399 878.15345 379.18631 877.67669
379.23946 875.67182 379.54523 849.99438
379.23946 875.67182 388.78089 878.58555
379.54523 753.40012 380.46179 736.58708
379.54523 753.40012 381.37912 776.01980
379.54523 849.99438 379.85101 820.34339
379.61532 843.20493 388.29180 839.13280
379.78477 242.90593 380.43637 265.13974
379.85101 820.34339 380.18759 819.27664
379.85101 820.34339 381.68489 814.53597
379.85101 820.34339 384.71107 825.12258
380.15679 719.16404 380.46179 736.58708
380.15679 719.16404 382.90722 698.68324
380.43637 265.13974 383.69747 289.26751
380.46179 736.58708 393.36367 737.81866
381.07719 53.26502 383.99785 42.74080
381.37912 776.01980 382.29644 803.22535
381.68489 650.93604 384.43610 668.97141
381.68489 814.53597 382.29644 803.22535
382.23945 399.15877 384.31056 400.19471
382.23945 399.15877 385.69078 399.39292
382.33110 187.54438 386.81453 171.64945
382.90722 698.68324 384.43610 668.97141
382.90722 698.68324 394.94415 701.67014
383.48258 413.03651 384.72493 403.09457
383.69747 289.26751 387.28359 318.12363
383.99785 42.74080 386.81530 31.32158
384.36909 53.75873 399.65325 60.17770
384.71107 825.12258 391.74160 830.62500
384.72493 403.09457 387.21042 393.56701
384.72493 403.09457 390.93826 402.68020
385.47820 535.48152 392.24917 521.72701
386.15137 34.01194 391.77703 40.45557
386.23918 940.05798 401.21756 942.19764
386.79604 430.84852 392.80295 423.59925
386.81453 171.64945 387.62942 165.12803
386.81530 31.32158 387.55702 21.38657
387.21042 393.56701 393.75725 387.09720
387.28359 318.12363 391.35957 343.06706
387.62942 165.12803 390.27896 153.10497
388.29180 839.13280 394.64993 836.52408
388.78089 878.58555 396.11719 882.66153
389.23531 221.05184 391.88486 212.28910
389.41323 157.03384 393.92285 161.58658
390.13416 206.91530 391.96650 202.99645
390.13416 206.91530 406.44116 212.84519
390.27896 153.10497 394.15083 139.85880
390.67100 34.58421 392.59885 44.81653
390.67100 34.58421 392.68896 22.51032
390.93826 402.68020 395.18138 402.84040
391.29795 17.17889 392.52028  3.72938
391.29795 17.17889 393.74339 26.55318
391.35957 343.06706 393.15263 363.60871
391.74160 830.62500 409.77696 839.18363
391.88486 212.28910 392.14596 207.64701
391.96650 202.99645 394.08613 197.12740
392.24917 521.72701 399.28663 511.51703
392.59885 44.81653 395.65121 58.49709
392.80295 423.59925 396.68869 419.50786
392.82683 376.81482 393.15263 363.60871
392.82683 376.81482 396.68869 419.50786
393.36367 737.81866 408.37671 742.95445
393.43915 332.41806 408.29276 309.68823
393.59704 192.88814 394.08613 197.12740
393.59704 192.88814 395.71591 181.47663
393.74339 26.55318 397.41115 35.52003
393.92285 161.58658 397.34645 174.46613
394.15083 139.85880 397.81860 132.72584
394.64993 836.52408 399.17186 834.15105
394.94415 701.67014 408.83422 701.84189
394.97188 106.35828 395.41629 103.83737
395.41629 103.83737 398.67893 87.22844
395.65121 58.49709 397.00371 47.33975
395.71591 181.47663 397.34645 174.46613
396.11719 882.66153 405.89893 888.69385
396.68869 419.50786 397.60602 438.45978
397.00371 47.33975 397.41115 35.52003
397.13464 428.72965 405.38442 418.68681
397.37418 59.22110 398.23374 71.21258
397.60602 438.45978 399.28663 511.51703
397.81860 132.72584 406.17389 128.03908
397.88560 628.06295 398.14055 657.61227
397.88560 628.06295 398.64966 600.29669
397.88560 628.06295 411.53998 631.96718
398.14055 657.61227 402.44528 688.55491
398.23374 71.21258 398.67893 87.22844
398.64966 600.29669 400.94259 563.61518
398.64966 600.29669 407.07427 612.69485
398.73361 487.48400 409.05296 470.04093
399.28663 511.51703 400.94259 537.12284
399.28663 511.51703 435.79792 504.13529
399.65325 60.17770 405.76645 67.81978
400.94259 537.12284 400.94259 563.61518
400.94259 563.61518 415.52508 569.12530
401.04349 189.70330 402.28199 184.20011
401.04349 189.70330 402.96980 195.89352
401.21756 942.19764 425.06112 946.17195
401.78289 740.69849 403.59367 750.12593
401.84066 211.17228 403.24476 204.01005
402.44528 688.55491 404.56491 696.86938
402.96980 195.89352 403.24476 204.01005
403.48738 607.41502 411.53998 609.87432
403.59367 750.12593 406.73230 759.13745
404.56491 696.86938 418.42263 713.00925
405.15490 115.40446 406.17389 128.03908
405.15490 115.40446 412.28786 109.08639
405.22422  0.00000 417.79259  1.09833
405.38442 418.68681 409.05296 435.19330
405.38442 418.68681 414.55461 411.96129
405.76645 67.81978 410.04577 90.33857
405.89893 888.69385 413.72432 896.03016
406.44116 212.84519 423.40823 221.24670
406.73230 759.13745 411.28889 773.11070
407.07427 612.69485 414.12560 623.97619
407.82986 452.31134 409.05296 435.19330
407.82986 452.31134 409.05296 470.04093
408.29276 309.68823 419.09426 299.33654
408.37671 742.95445 421.80850 749.47356
409.77696 839.18363 432.39742 846.51994
409.86091  3.90499 421.20850  4.63670
410.04577 90.33857 412.28786 109.08639
411.28889 773.11070 414.32585 781.71709
411.53998 609.87432 418.59131 615.75029
411.53998 631.96718 418.12148 636.19797
413.72432 896.03016 420.57153 901.41011
414.12560 623.97619 423.68397 630.01237
414.32585 781.71709 419.28758 793.36043
414.55461 411.96129 423.11401 409.51586
415.47193 464.84429 418.83469 443.75194
415.52508 569.12530 424.62363 579.49317
415.52508 569.12530 430.10988 570.39461
417.79259  1.09833 429.87188  3.66083
417.82494 668.93521 418.79310 696.22240
417.82494 668.93521 420.27038 653.24361
418.12148 636.19797 422.67499 636.88115
418.42263 713.00925 418.79310 696.22240
418.42263 713.00925 433.39793 714.22773
418.42263 713.00925 434.39921 727.35605
418.59131 615.75029 423.98975 622.57440
418.83469 443.75194 421.28013 428.77433
419.07192 219.09934 420.71556 211.96175
419.09426 299.33654 423.82030 294.15992
419.28758 793.36043 423.13481 800.95476
419.55870 939.75221 427.20078 922.32839
420.27038 653.24361 423.68397 630.01237
420.57153 901.41011 427.97099 907.11895
420.71556 211.96175 422.50400 205.35870
421.20850  4.63670 427.92016  9.88340
421.28013 428.77433 423.11401 409.51586
421.40336 195.04089 422.50400 205.35870
421.40336 195.04089 422.64187 182.10974
421.80850 749.47356 424.75534 748.04019
422.64187 182.10974 424.56741 171.79194
422.65496 414.33433 433.20152 414.40673
423.11401 409.51586 443.01638 406.36645
423.13481 800.95476 425.56484 810.16885
423.40823 221.24670 426.08088 212.51169
423.40823 221.24670 446.46926 238.70672
423.68397 630.01237 423.98975 622.57440
423.68397 630.01237 432.45827 632.43701
423.77101 717.81231 425.66651 723.13219
423.82030 294.15992 429.89653 282.45803
423.98975 622.57440 427.04673 613.60755
424.35021 771.53099 425.05881 758.26711
424.35021 771.53099 426.17254 775.98591
424.56741 171.79194 428.28216 163.26257
424.62363 579.49317 429.67163 589.43434
424.75534 748.04019 426.98280 748.14186
424.85624 747.02812 425.05881 758.26711
424.85624 747.02812 425.66651 734.37117
424.94404 844.10300 427.28627 826.24786
424.94404 844.10300 427.50655 871.89160
425.06112 946.17195 451.65512 951.06282
425.56484 810.16885 427.99487 819.05867
425.66651 723.13219 425.66651 734.37117
426.08088 212.51169 433.50961 192.15181
426.17254 775.98591 427.89397 791.41641
426.98280 748.14186 431.94376 753.81141
427.04673 613.60755 428.06573 600.87050
427.07754 784.10013 435.08316 781.02851
427.20078 922.32839 428.42311 898.17983
427.28627 826.24786 427.99487 819.05867
427.50655 871.89160 428.42311 898.17983
427.55584 547.07095 427.75995 543.09741
427.55584 547.07095 430.61283 554.30558
427.75995 543.09741 430.51116 534.43633
427.89397 791.41641 431.43773 803.56733
427.92016  9.88340 438.53604 25.62430
427.99487 819.05867 433.56430 815.61581
428.06573 600.87050 430.61283 582.73346
428.29987 606.95366 440.27210 612.55775
429.17792 161.95398 433.04979 146.05827
429.87188  3.66083 440.48776  7.07751
429.89653 282.45803 437.32295 272.33124
429.89653 282.45803 452.40145 286.70885
430.00128 573.86905 430.61283 554.30558
430.00128 573.86905 430.61283 582.73346
430.12528 570.39461 430.27625 565.08321
430.15840 585.96837 437.31910 596.84458
430.27625 565.08321 442.18609 564.25831
430.51116 534.43633 433.66981 527.81325
431.43773 803.56733 433.05749 810.55318
431.58715 152.06364 434.47623 161.95398
431.94376 753.81141 439.23385 758.67147
432.39742 846.51994 459.60297 853.24469
432.45827 632.43701 445.85462 640.89859
433.04979 146.05827 438.95965 112.22964
433.05749 810.55318 433.56430 815.61581
433.20152 414.40673 442.00740 423.23879
433.39793 714.22773 433.74453 704.69092
433.39793 714.22773 437.15889 713.99281
433.50961 192.15181 437.08649 181.14620
433.66981 527.81325 434.25518 523.29979
433.74453 704.69092 435.57918 696.43729
434.25518 523.29979 434.76506 512.85567
434.39921 727.35605 458.20195 745.28898
434.76506 512.85567 437.05722 493.49553
435.08316 781.02851 440.55015 780.01568
435.54991 131.74921 443.68955 138.22518
435.57918 696.43729 436.49574 686.96133
436.23540 230.95835 440.38763 218.56481
436.49574 686.96133 438.32962 668.92597
437.05722 493.49553 439.60510 478.72126
437.08649 181.14620 438.18713 172.34187
437.15889 713.99281 442.79918 711.40720
437.31910 596.84458 440.28134 606.36676
437.32295 272.33124 445.42484 264.00444
437.46313 178.13235 440.80047 185.82372
438.18713 172.34187 440.38763 160.23639
438.47981 485.24883 448.07747 483.14460
438.53604 25.62430 445.36862 39.16854
438.95965 112.02630 438.95965 112.22964
438.95965 112.02630 439.38943 111.47713
438.95965 112.22964 441.27646 112.29664
439.23385 758.67147 450.16937 764.34180
439.35015 464.96521 439.60510 478.72126
439.35015 464.96521 440.36915 455.54008
439.38943 111.47713 440.85438 104.40039
439.42486 197.79210 440.25054 193.39032
439.42486 197.79210 440.25054 209.76048
439.46800 471.33720 442.77915 463.98858
440.25054 193.39032 440.80047 185.82372
440.25054 209.76048 440.38763 218.56481
440.27210 612.55775 440.28134 606.36676
440.27210 612.55775 458.35830 623.25604
440.36915 455.54008 441.64309 438.01460
440.38763 160.23639 443.41458 150.19356
440.48776  7.07751 450.37194  9.64002
440.55015 780.01568 442.47415 780.01568
440.85438 104.40039 444.39275 82.72961
441.27646 112.29664 453.24869 119.42884
441.64309 430.62746 441.64309 438.01460
441.64309 430.62746 442.66208 409.99416
442.18609 564.25831 453.61223 563.20080
442.27235 417.87655 449.30057 427.63287
442.66208 409.99416 444.09083 395.37932
442.77915 463.98858 449.30057 458.68949
442.79918 711.40720 462.77703 718.45852
443.41458 150.19356 443.68955 138.22518
444.09083 395.37932 451.57963 375.14037
444.39275 82.72961 446.58864 55.64114
445.36862 39.16854 446.58864 55.64114
445.42484 264.00444 450.14626 257.59240
445.85462 640.89859 460.42633 648.18406
446.46926 238.70672 468.21244 257.81499
448.07747 483.14460 453.57988 484.36694
448.92393 241.94162 449.29055 250.50025
449.29055 250.50025 450.14626 257.59240
449.29287 345.38618 450.93650 353.27704
449.29287 345.38618 452.58014 315.63353
449.29287 345.38618 460.05278 340.06938
449.30057 427.63287 453.57988 436.39561
449.30057 458.68949 465.27715 454.31698
450.14626 257.59240 450.39119 263.82806
450.16937 764.34180 458.26973 767.07606
450.39119 263.82806 451.59427 277.16820
450.39581 26.96062 459.77011 40.81834
450.44357 363.63258 450.93650 353.27704
450.44357 363.63258 452.90903 366.75581
451.57963 375.14037 467.97290 356.92555
451.59427 277.16820 452.08721 280.94918
451.65512 951.06282 471.83014 955.03636
452.08721 280.94918 453.07308 299.03076
452.58014 315.63353 453.07308 299.03076
452.90903 366.75581 453.60530 372.88903
453.24869 119.42884 468.53285 126.56103
453.57988 436.39561 461.93518 448.82688
453.57988 484.36694 460.71285 482.94050
453.61223 563.20080 474.13694 561.93071
456.91415 369.21279 464.58472 378.84588
457.77525 716.69319 461.56163 705.60748
458.20195 745.28898 470.26583 751.48459
458.26973 767.07606 463.02889 773.25242
458.35830 623.25604 475.67968 631.91711
459.60297 853.24469 485.27964 862.10987
459.77011 40.81834 466.69896 61.60414
460.03352 654.25336 460.33853 663.11854
460.03352 654.25336 464.20501 649.30935
460.05278 340.06938 461.62787 329.04221
460.05278 340.06938 470.85505 342.09505
460.33853 663.11854 461.86740 677.79115
460.42633 648.18406 471.47276 651.47442
460.53031 183.34594 460.53031 216.01771
460.53031 183.34594 462.19474 157.33345
460.53031 216.01771 462.19474 234.74704
460.59116 251.11720 462.19474 234.74704
460.71285 482.94050 468.65993 480.08762
460.94623 124.45372 462.19474 157.33345
461.00399 989.20004 467.73876 969.46019
461.56163 705.60748 463.08973 692.76953
461.62787 329.04221 467.47919 316.43994
461.86740 677.79115 463.08973 692.76953
461.93518 448.82688 470.49459 462.88794
462.77703 718.45852 473.11794 724.56941
463.02889 773.25242 468.09074 774.95306
463.13441 450.79710 470.02861 443.42536
464.58472 378.84588 470.69792 400.44734
466.69896 61.60414 474.03527 80.35273
466.82605 412.67451 468.04915 425.30990
467.47919 316.43994 475.13051 306.31238
467.73876 969.46019 474.79239 955.43841
467.97290 356.92555 486.59286 338.71072
468.04915 425.30990 469.88304 439.57429
468.09074 774.95306 473.45761 775.25729
468.21244 257.81499 481.71971 270.66296
468.51282 428.91836 469.27148 427.14378
468.53285 126.56103 477.44886 131.91095
468.65993 480.08762 476.92589 476.56619
468.67534 459.89950 470.29048 450.37502
469.27148 427.14378 470.69792 425.10579
469.88304 439.57429 470.29048 450.37502
469.97546 751.45378 470.26583 751.48459
469.97546 751.45378 479.37363 752.37573
470.49459 462.88794 475.58879 473.89201
470.69792 400.44734 470.90203 416.75049
470.69792 425.10579 470.90203 416.75049
470.85505 342.09505 477.36876 347.73380
471.33489 129.61802 479.23191 147.44928
471.47276 651.47442 486.40724 656.51779
471.83014 955.03636 489.86473 957.48180
473.11794 724.56941 481.34153 736.21507
473.45761 775.25729 477.10226 774.44702
474.03527 80.35273 480.14847 92.57990
474.13694 561.93071 491.20645 563.25471
475.13051 306.31238 479.40675 296.63539
475.13590 858.60770 478.83294 876.89030
475.58879 473.89201 481.90610 486.52739
475.67968 631.91711 483.57670 633.95510
477.36876 347.73380 477.37646 347.72609
477.44886 131.91095 492.73225 134.20311
477.99803 815.63121 498.14224 806.39941
478.83294 876.89030 484.23831 893.44454
479.23191 147.44928 490.94920 173.68667
479.37363 752.37573 480.64757 741.24843
479.37363 752.37573 485.07939 756.28842
479.40675 296.63539 481.88222 286.73350
480.14847 92.57990 489.11532 104.39962
480.64757 741.24843 481.86990 732.38402
481.71971 270.66296 481.88222 286.73350
481.71971 270.66296 488.80338 280.87601
481.71971 270.66296 490.18514 244.24842
481.86990 732.38402 485.23266 710.98666
481.90610 486.52739 500.62464 506.77713
483.57670 633.95510 484.31533 649.85081
483.57670 633.95510 484.45628 615.14105
483.57670 633.95510 494.02082 637.77614
484.23831 893.44454 489.13765 907.80367
484.31533 649.85081 489.20620 665.43997
484.45628 615.14105 486.29016 600.10182
485.03240 308.11314 490.65883 299.11086
485.07939 756.28842 489.15537 757.75568
485.23266 710.98666 487.98387 684.69767
485.27964 862.10987 524.40659 874.03126
485.64626 605.38550 500.48832 606.91746
486.29016 600.10182 489.17847 581.80612
486.59286 338.71072 517.15270 318.26920
487.77976 797.29007 488.69709 809.21147
487.77976 797.29007 490.22520 778.03238
487.98387 684.69767 489.20620 665.43997
487.98387 684.69767 494.09707 690.81164
488.15563 862.98560 491.78411 842.46937
488.35126 171.64945 504.24620 165.12803
488.80338 280.87601 496.05111 289.11193
489.11532 104.39962 492.73225 134.45805
489.13765 907.80367 493.86754 927.06137
489.15537 757.75568 493.89373 757.85735
489.17847 581.80612 490.46627 570.98768
489.86473 957.48180 501.48112 958.09335
490.18514 244.24842 496.29911 223.86929
490.22520 778.03238 493.89373 757.85735
490.46627 570.98768 491.52609 559.91737
490.65883 299.11086 494.52223 287.37586
490.94920 173.68667 496.55329 197.12278
491.52609 559.91737 496.48782 525.80530
491.52609 559.91737 504.41719 563.55279
491.78411 842.46937 494.35201 820.21631
491.80491 688.51871 498.98794 689.58854
492.73225 134.20311 492.73225 134.45805
492.73225 134.45805 496.04417 149.64054
493.86754 927.06137 498.76689 943.61638
493.89373 757.85735 498.09680 742.47153
494.02082 637.77614 506.24799 649.74837
494.09707 690.81164 497.45983 702.12148
494.35201 820.21631 498.14224 806.39941
494.52531 755.54440 504.80614 751.23427
495.63673 149.64054 496.04417 149.64054
496.05111 289.11193 499.02876 271.87142
496.05111 289.11193 499.83980 305.74935
496.29911 223.86929 496.55329 197.12278
496.48782 525.80530 502.69036 497.27498
497.47677 280.85522 507.88393 279.77152
498.09680 742.47153 499.62491 730.24436
498.14224 806.39941 500.09859 799.42973
498.14224 806.39941 514.06799 806.46026
498.76689 943.61638 501.48112 958.09335
498.98794 689.58854 507.32783 694.73589
499.02876 271.87142 501.31784 254.39138
499.62491 730.24436 503.19100 713.17715
499.83980 305.74935 522.34857 319.57780
500.09859 799.42973 506.45672 783.77895
500.48832 606.91746 511.08571 608.05892
500.68549 259.21678 505.96147 265.57953
501.13915 414.59928 504.24081 445.92086
501.13915 414.59928 508.89214 388.86022
501.31784 254.39138 507.76916 227.96298
501.48112 958.09335 511.56787 958.09335
502.69036 497.27498 510.13295 476.18725
503.19100 713.17715 509.30497 685.92077
503.85185 244.00965 509.78790 253.87688
504.24081 445.92086 507.96172 453.36345
504.24620 165.12803 522.17989 163.49749
504.41719 563.55279 516.64436 562.32969
504.80614 751.23427 512.14245 747.48486
505.96147 265.57953 508.88752 287.18408
506.24799 649.74837 515.41817 658.91933
506.45672 783.77895 511.22589 768.61726
507.76916 227.96298 514.42768 200.70120
507.96172 453.36345 513.23384 462.35649
508.88752 287.18408 513.61356 304.96219
508.89214 388.86022 522.53727 346.99516
509.30497 685.92077 516.43717 665.79658
509.46980 58.85833 526.58784 57.32945
509.78790 253.87688 512.71318 266.25501
510.13295 476.18725 513.23384 462.35649
510.13295 476.18725 519.05975 500.08318
511.08571 608.05892 522.11597 603.09796
511.22589 768.61726 515.26028 754.18959
511.56787 958.09335 525.01814 965.12387
511.83128 164.43869 517.96605 176.97780
512.14245 747.48486 521.72470 742.71492
512.71318 266.25501 512.93808 277.28219
512.93808 277.28219 513.16298 284.93351
513.16298 284.93351 519.46489 291.45954
513.23384 462.35649 518.45898 443.99763
513.61356 304.96219 516.35553 315.89540
514.06799 806.46026 526.29593 809.51724
514.42768 200.70120 517.96605 176.97780
515.26028 754.18959 517.46155 746.48589
515.26028 754.18959 522.88772 749.16624
515.41817 658.91933 516.43717 665.79658
515.41817 658.91933 524.53136 665.21661
516.64436 562.32969 527.00683 561.52481
516.93627 364.17944 525.44561 366.42846
517.46155 746.48589 526.99836 738.04895
518.45898 443.99763 522.40018 434.73502
518.65308 661.15449 523.95524 657.39969
519.05975 500.08318 526.70106 525.76063
519.46489 291.45954 526.21582 308.33804
522.11597 603.09796 523.03406 606.40450
522.11597 603.09796 524.56140 582.92294
522.17989 163.49749 540.52027 165.20968
522.34857 319.57780 539.16083 333.63885
522.40018 434.73502 526.34214 425.07806
522.53727 346.99516 529.65252 325.68638
522.88772 749.16624 533.21477 751.80808
523.03406 606.40450 525.67436 610.87329
523.39144 649.74452 526.75420 628.24935
523.39144 649.74452 528.22146 715.30680
524.40659 874.03126 539.69074 880.45024
524.56140 582.92294 527.00683 561.52481
525.01814 965.12387 536.24249 969.28073
525.44561 366.42846 533.63377 365.56120
525.67436 610.87329 529.93982 616.66223
526.29593 809.51724 538.21732 813.79656
526.34214 425.07806 528.31235 413.84524
526.37988 335.48737 531.85996 346.64240
526.58784 57.32945 534.84147 57.02367
526.70106 525.76063 527.00683 561.52481
526.75420 628.24935 531.66664 625.59981
526.99836 738.04895 528.95471 727.04488
527.52442 405.17338 528.31235 413.84524
527.52442 405.17338 529.88898 399.06403
528.22146 715.30680 528.95471 727.04488
528.47024 719.29498 540.08740 711.14918
529.88898 399.06403 532.25431 382.31262
529.88898 399.06403 534.66663 405.91202
529.93982 616.66223 532.68255 620.01343
531.55419 277.08809 531.96163 254.67174
531.55419 277.08809 533.79551 295.22513
531.66664 625.59981 532.68255 620.01343
531.85996 346.64240 533.63377 365.56120
531.96163 254.67174 532.98063 230.21740
532.00784 348.22211 537.92695 355.98434
532.04867 995.38641 544.27584 919.27218
532.25431 382.31262 533.63377 365.56120
532.68255 620.01343 547.81652 618.76568
532.91131 374.33165 540.78060 372.28749
532.98063 230.21740 538.89049 202.70607
533.21477 751.80808 542.58136 756.37084
533.79551 295.22513 536.03684 319.06869
534.66663 405.91202 536.90872 423.03006
534.84147 57.02367 558.21520 61.07423
536.03684 319.06869 538.07483 326.60833
536.24249 969.28073 549.47248 968.18086
536.90872 423.03006 539.35416 431.38536
537.05044 813.37833 545.07455 809.76217
537.92695 355.98434 541.90126 364.33964
538.07483 326.60833 539.16083 333.63885
538.89049 202.70607 541.53926 184.56904
539.01064 952.04793 543.19599 943.64102
539.16083 333.63885 558.11353 350.14611
539.35416 431.38536 545.67147 442.79764
539.69074 880.45024 555.89146 883.20145
540.08740 711.14918 552.76053 706.65805
540.52027 165.20968 541.53926 184.56904
540.52027 165.20968 563.51351 166.43201
540.78060 372.28749 545.67147 373.50983
541.90126 364.33964 542.00293 371.98172
542.58136 756.37084 551.70687 759.01268
543.19599 943.64102 544.49997 935.48906
544.27584 919.27218 548.06607 881.87283
544.49997 935.48906 544.93822 930.78613
544.93822 930.78613 545.75311 924.57049
545.07455 809.76217 550.12870 809.10980
545.67147 373.50983 550.86811 371.98172
545.67147 442.79764 548.32024 455.22815
545.75311 924.57049 548.30098 910.71277
547.81652 618.76568 564.01800 623.65655
548.30098 910.71277 550.64398 894.40962
548.32024 455.22815 554.84165 469.69741
548.58211 341.84396 549.24835 333.37390
549.04501 313.81043 549.24835 333.37390
549.04501 313.81043 550.26734 285.48421
549.47248 968.18086 564.14508 970.62629
549.53718 882.12237 550.71561 866.87057
549.71510 298.29135 586.98351 327.74978
549.99006 291.90473 570.27369 292.29061
550.12870 809.10980 558.46012 810.90517
550.26734 285.48421 552.71278 274.27604
550.64398 894.40962 552.47324 882.62147
550.71561 866.87057 554.87246 838.50353
550.86811 371.98172 559.83419 367.90574
551.70687 759.01268 556.99055 759.97313
552.47324 882.62147 554.38337 863.44696
552.71278 274.27604 555.76976 259.60343
552.76053 706.65805 558.69581 705.21390
554.38337 863.44696 556.46218 848.40696
554.87246 838.50353 557.68529 817.10541
555.15821 97.14497 555.56565 79.82282
555.15821 97.14497 560.45652 107.53748
555.24216 93.60274 582.12037 99.70439
555.56565 79.82282 558.21520 61.07423
555.76976 259.60343 556.99286 240.85485
555.89146 883.20145 572.09294 886.56421
556.46218 848.40696 558.78515 831.28892
556.99055 759.97313 564.98077 759.58803
556.99286 240.85485 560.25319 215.38151
557.68529 817.10541 558.90762 807.32367
558.11353 350.14611 581.44720 365.12372
558.21520 61.07423 587.50957 66.30169
558.66346 831.28892 558.78515 831.28892
558.69581 705.21390 570.74044 712.17664
558.90762 807.32367 564.53250 763.28121
559.83419 367.90574 564.92916 361.79254
560.25319 215.38151 565.55150 196.38877
560.45652 107.53748 560.86474 119.96876
560.86474 119.96876 564.93995 139.93968
563.51351 166.43201 564.73661 188.03347
563.51351 166.43201 564.93995 139.93968
564.01800 623.65655 572.88241 633.13251
564.14508 970.62629 574.23260 971.84862
564.53250 763.28121 572.32169 699.16000
564.53250 763.28121 574.28266 769.33973
564.73661 188.03347 565.55150 196.38877
564.92916 361.79254 568.68627 356.93248
564.93995 139.93968 568.02774 133.06242
568.02774 133.06242 572.91861 129.96462
570.27369 292.29061 585.35374 291.88316
572.09294 886.56421 583.40278 888.39809
572.32169 699.16000 573.85057 685.40473
572.88241 633.13251 576.24517 648.11089
572.91861 129.96462 575.89395 129.88297
573.85057 685.40473 575.35326 659.26900
574.23260 971.84862 576.98381 973.37750
574.28266 769.33973 594.93599 780.62723
575.09909 663.68696 592.75166 660.94961
575.35326 659.26900 576.24517 648.11089
575.65903 1000.00000 587.27465 912.57515
575.89395 129.88297 578.33938 118.26735
578.33938 118.26735 585.06414 85.25361
581.44720 365.12372 604.88255 372.76580
581.50651 102.71901 622.58210 122.16618
583.40278 888.39809 589.51675 892.06663
585.06414 85.25361 587.50957 66.30169
585.35374 291.88316 601.65612 297.18147
586.98351 327.74978 608.23915 357.13196
587.27465 912.57515 594.61096 856.33017
587.50957 66.30169 617.86684 68.08088
591.35063 887.17576 598.38116 893.59473
592.75166 660.94961 603.75649 661.56039
594.61096 856.33017 601.33648 787.24646
594.93599 780.62723 608.86533 788.07214
598.38116 893.59473 616.72230 899.40293
599.52647 579.99304 623.79904 583.48905
601.65612 297.18147 612.59472 298.80740
603.75649 661.56039 617.81755 661.56039
604.88255 372.76580 640.54507 379.38888
606.97985 373.15553 610.18086 332.43655
608.86533 788.07214 622.79468 797.67826
609.74569 897.19318 609.92207 897.24941
609.74569 897.19318 613.15543 870.39970
610.18086 332.43655 613.23785 289.84517
613.23785 289.84517 615.27584 271.70814
614.51024 709.59180 615.90356 684.74234
615.27584 271.70814 618.12872 230.01329
615.88662 60.95254 618.94360 71.95661
615.90356 684.74234 618.45760 674.75650
616.72230 899.40293 637.20233 900.62526
617.81755 661.25462 618.45760 674.75650
617.81755 661.25462 619.61908 634.58052
617.81755 661.56039 617.81755 661.25462
618.12872 230.01329 619.75849 188.64502
618.92204 496.44854 620.31536 488.08785
618.92204 496.44854 623.56721 523.15499
618.94360 71.95661 620.77749 87.44487
619.61908 634.58052 621.24501 596.49413
619.75849 188.64502 621.38904 171.73032
620.08352 488.08785 620.31536 488.08785
620.77749 87.44487 623.01958 115.28200
621.24501 596.49413 623.79904 583.48905
621.38904 171.73032 622.40803 147.07264
622.20393 128.11995 622.40803 147.07264
622.20393 128.11995 623.01958 115.28200
622.79468 797.67826 625.67683 802.72163
623.56721 523.15499 625.88941 538.48228
623.79904 583.48905 626.58568 557.75769
625.67683 802.72163 625.91713 802.96194
625.88941 538.48228 626.58568 557.75769
637.20233 900.62526 657.68313 901.54259
